beta: 1.000000e+00
discrepancy: 3.638034e-01
0.000000e+00 0.000000e+00 1


beta: 1.000000e+00
discrepancy: 1.744872e-01
2.500000e-01 7.500000e-01 2


beta: 1.000000e+00
discrepancy: 5.509335e-02
-5.809295e-03 1.339543e+00 3


beta: 6.250000e-02
discrepancy: 5.409766e-02
3.189636e-02 1.343479e+00 4


beta: 2.500000e-01
discrepancy: 4.988148e-02
8.909752e-02 1.442434e+00 5


beta: 1.000000e+00
discrepancy: 1.526720e-02
1.221885e-02 1.759880e+00 6


beta: 1.000000e+00
discrepancy: 9.476494e-03
2.762585e-02 1.972374e+00 7


beta: 1.250000e-01
discrepancy: 9.320986e-03
2.502401e-02 2.034862e+00 8


beta: 1.000000e+00
discrepancy: 8.410222e-03
-1.913815e-03 2.137579e+00 9


beta: 1.000000e+00
discrepancy: 5.416174e-03
-1.579023e-02 2.015790e+00 10


beta: 3.125000e-02
discrepancy: 5.369028e-03
-1.541918e-02 2.000166e+00 11


beta: 5.000000e-01
discrepancy: 5.132671e-03
-7.744404e-03 1.935558e+00 12


beta: 1.000000e+00
discrepancy: 1.407274e-03
-4.102864e-03 2.004103e+00 13


beta: 1.953125e-03
discrepancy: 1.406442e-03
-4.096850e-03 2.003126e+00 14


beta: 3.125000e-02
discrepancy: 1.390195e-03
-3.974561e-03 1.999484e+00 15


beta: 5.000000e-01
discrepancy: 1.259149e-03
-1.985362e-03 1.984521e+00 16


beta: 1.000000e+00
discrepancy: 3.415180e-04
-9.956873e-04 2.000996e+00 17


beta: 1.220703e-04
discrepancy: 3.415067e-04
-9.955962e-04 2.000935e+00 18


beta: 3.906250e-03
discrepancy: 3.414012e-04
-9.918992e-04 2.000524e+00 19


beta: 1.250000e-01
discrepancy: 3.342183e-04
-8.684978e-04 1.998369e+00 20


beta: 1.000000e+00
discrepancy: 2.233357e-04
2.150543e-06 1.996315e+00 21


beta: 1.000000e+00
discrepancy: 3.118190e-06
9.091009e-06 1.999991e+00 22


beta: 5.960464e-08
discrepancy: 3.118192e-06
9.091008e-06 1.999991e+00 23


beta: 3.051758e-05
discrepancy: 3.118185e-06
9.090732e-06 1.999991e+00 24


beta: 9.765625e-04
discrepancy: 3.117501e-06
9.081861e-06 1.999993e+00 25


beta: 3.125000e-02
discrepancy: 3.105934e-06
8.798090e-06 2.000003e+00 26


beta: 5.000000e-01
discrepancy: 2.585908e-06
4.399009e-06 2.000030e+00 27


beta: 1.000000e+00
discrepancy: 7.544238e-07
2.199504e-06 1.999998e+00 28


beta: 5.960464e-08
discrepancy: 7.544323e-07
2.199504e-06 1.999998e+00 29


beta: 4.882812e-04
discrepancy: 7.544004e-07
2.198430e-06 1.999998e+00 30


beta: 1.562500e-02
discrepancy: 7.519078e-07
2.164082e-06 2.000000e+00 31


beta: 2.500000e-01
discrepancy: 6.808675e-07
1.623062e-06 2.000005e+00 32


beta: 1.000000e+00
discrepancy: 3.936567e-07
-9.197820e-12 2.000006e+00 33


beta: 1.000000e+00
discrepancy: 7.788800e-12
-2.270808e-11 2.000000e+00 34