beta: 1.000000e+00
discrepancy: 4.653764e-01
-3.400000e-01 4.620000e+00 1


beta: 1.000000e+00
discrepancy: 2.081668e-01
3.115958e-01 3.610357e+00 2


beta: 1.000000e+00
discrepancy: 7.864176e-02
-1.036440e-01 2.984101e+00 3


beta: 1.000000e+00
discrepancy: 3.064469e-02
1.496882e-02 2.529506e+00 4


beta: 1.953125e-03
discrepancy: 3.062222e-02
1.018552e-02 2.533226e+00 5


beta: 1.562500e-02
discrepancy: 3.046216e-02
-4.160216e-03 2.539081e+00 6


beta: 1.250000e-01
discrepancy: 2.942186e-02
-4.510816e-02 2.513164e+00 7


beta: 5.000000e-01
discrepancy: 2.451454e-02
-8.243014e-02 2.316458e+00 8


beta: 9.765625e-04
discrepancy: 2.450785e-02
-8.385528e-02 2.306406e+00 9


beta: 2.500000e-01
discrepancy: 2.319947e-02
-9.078350e-02 2.081281e+00 10


beta: 5.000000e-01
discrepancy: 1.768698e-02
-5.551679e-02 1.825866e+00 11


beta: 5.000000e-01
discrepancy: 1.433538e-02
-1.636878e-02 1.730529e+00 12


beta: 1.000000e+00
discrepancy: 1.147505e-02
-4.493768e-02 2.044938e+00 13


beta: 2.500000e-01
discrepancy: 1.069785e-02
-3.644876e-02 1.920001e+00 14


beta: 1.000000e+00
discrepancy: 9.464977e-03
6.130029e-03 1.795652e+00 15


beta: 1.000000e+00
discrepancy: 6.446935e-03
2.525134e-02 1.974749e+00 16


beta: 1.250000e-01
discrepancy: 6.440069e-03
2.287407e-02 2.037239e+00 17


beta: 1.000000e+00
discrepancy: 5.388582e-03
-1.719040e-03 2.119026e+00 18


beta: 1.000000e+00
discrepancy: 2.681420e-03
-1.050327e-02 2.010503e+00 19


beta: 1.562500e-02
discrepancy: 2.672538e-03
-1.037997e-02 2.002691e+00 20


beta: 2.500000e-01
discrepancy: 2.485660e-03
-7.828171e-03 1.975091e+00 21


beta: 1.000000e+00
discrepancy: 1.000837e-03
-3.920381e-03 2.003920e+00 22


beta: 1.953125e-03
discrepancy: 1.000329e-03
-3.914634e-03 2.002944e+00 23


beta: 6.250000e-02
discrepancy: 9.987860e-04
-3.680029e-03 1.996167e+00 24


beta: 1.000000e+00
discrepancy: 8.382919e-04
2.852838e-05 1.981403e+00 25


beta: 1.000000e+00
discrepancy: 1.011273e-04
3.961266e-04 1.999604e+00 26


beta: 1.525879e-05
discrepancy: 1.011267e-04
3.961220e-04 1.999612e+00 27


beta: 2.441406e-04
discrepancy: 1.011174e-04
3.960312e-04 1.999642e+00 28


beta: 3.906250e-03
discrepancy: 1.009707e-04
3.945063e-04 1.999765e+00 29


beta: 6.250000e-02
discrepancy: 9.871782e-05
3.699102e-04 2.000267e+00 30


beta: 1.000000e+00
discrepancy: 9.205567e-05
-2.206671e-07 2.002040e+00 31


beta: 1.000000e+00
discrepancy: 1.897551e-06
-7.432914e-06 2.000007e+00 32


beta: 5.960464e-08
discrepancy: 1.897552e-06
-7.432914e-06 2.000007e+00 33


beta: 3.051758e-05
discrepancy: 1.897536e-06
-7.432688e-06 2.000007e+00 34


beta: 9.765625e-04
discrepancy: 1.897391e-06
-7.425435e-06 2.000006e+00 35


beta: 3.125000e-02
discrepancy: 1.884875e-06
-7.193412e-06 1.999998e+00 36


beta: 5.000000e-01
discrepancy: 1.600683e-06
-3.596686e-06 1.999975e+00 37


beta: 1.000000e+00
discrepancy: 4.590995e-07
-1.798343e-06 2.000002e+00 38


beta: 5.960464e-08
discrepancy: 4.591073e-07
-1.798343e-06 2.000002e+00 39


beta: 4.882812e-04
discrepancy: 4.590387e-07
-1.797465e-06 2.000002e+00 40


beta: 1.562500e-02
discrepancy: 4.586146e-07
-1.769381e-06 2.000000e+00 41


beta: 5.000000e-01
discrepancy: 4.429808e-07
-8.846908e-07 1.999992e+00 42


beta: 1.000000e+00
discrepancy: 1.129265e-07
-4.423454e-07 2.000000e+00 43


beta: 5.960464e-08
discrepancy: 1.129585e-07
-4.423454e-07 2.000000e+00 44


beta: 7.812500e-03
discrepancy: 1.126785e-07
-4.388896e-07 2.000000e+00 45


beta: 1.250000e-01
discrepancy: 1.074816e-07
-3.840285e-07 1.999999e+00 46


beta: 1.000000e+00
discrepancy: 7.657208e-08
3.779393e-13 1.999998e+00 47