beta: 1.250000e-01
discrepancy: 9.285823e-01
2.562500e+00 3.812500e+00 1


beta: 1.000000e+00
discrepancy: 6.138543e-01
1.791193e+00 2.088068e-01 2


beta: 1.000000e+00
discrepancy: 2.201448e-01
2.220446e-16 2.088068e-01 3


beta: 1.000000e+00
discrepancy: 6.522404e-02
3.330669e-16 1.104403e+00 4


beta: 1.000000e+00
discrepancy: 3.544296e-02
1.385022e-01 1.861498e+00 5


beta: 1.000000e+00
discrepancy: 6.369293e-03
0.000000e+00 1.861498e+00 6


beta: 1.000000e+00
discrepancy: 1.315397e-03
-5.152537e-03 2.005153e+00 7


beta: 1.000000e+00
discrepancy: 2.325369e-04
1.040834e-16 2.005153e+00 8


beta: 1.000000e+00
discrepancy: 1.690048e-06
-6.620104e-06 2.000007e+00 9


beta: 1.000000e+00
discrepancy: 2.987622e-07
-3.104715e-17 2.000007e+00 10


beta: 1.000000e+00
discrepancy: 2.797105e-12
-1.095648e-11 2.000000e+00 11