beta: 1.000000e+00
discrepancy: 9.701425e-01
-2.000000e+00 4.000000e+00 1


beta: 1.000000e+00
discrepancy: 2.410338e-01
-6.666667e-01 2.666667e+00 2


beta: 1.000000e+00
discrepancy: 5.555556e-02
0.000000e+00 2.666667e+00 3


beta: 1.000000e+00
discrepancy: 2.860790e-02
-8.333333e-02 2.083333e+00 4


beta: 1.000000e+00
discrepancy: 5.087794e-03
0.000000e+00 2.083333e+00 5


beta: 1.000000e+00
discrepancy: 5.716621e-04
-1.666667e-03 2.001667e+00 6


beta: 1.000000e+00
discrepancy: 1.010568e-04
-1.071192e-16 2.001667e+00 7


beta: 1.000000e+00
discrepancy: 2.379942e-07
-6.938662e-07 2.000001e+00 8


beta: 1.000000e+00
discrepancy: 4.205745e-08
7.976170e-17 2.000001e+00 9