beta: 1.000000e+00
discrepancy: 3.535534e-01
0.000000e+00 4.000000e+00 1


beta: 1.000000e+00
discrepancy: 8.838835e-02
0.000000e+00 3.000000e+00 2


beta: 1.000000e+00
discrepancy: 2.209709e-02
0.000000e+00 2.500000e+00 3


beta: 1.000000e+00
discrepancy: 5.524272e-03
0.000000e+00 2.250000e+00 4


beta: 1.000000e+00
discrepancy: 1.381068e-03
0.000000e+00 2.125000e+00 5


beta: 1.000000e+00
discrepancy: 3.452670e-04
0.000000e+00 2.062500e+00 6


beta: 1.000000e+00
discrepancy: 8.631675e-05
0.000000e+00 2.031250e+00 7


beta: 1.000000e+00
discrepancy: 2.157919e-05
0.000000e+00 2.015625e+00 8


beta: 1.000000e+00
discrepancy: 5.394797e-06
0.000000e+00 2.007812e+00 9


beta: 1.000000e+00
discrepancy: 1.348699e-06
0.000000e+00 2.003906e+00 10


beta: 1.000000e+00
discrepancy: 3.371748e-07
0.000000e+00 2.001953e+00 11


beta: 1.000000e+00
discrepancy: 8.429370e-08
0.000000e+00 2.000977e+00 12