beta: 1.000000e+00
discrepancy: 4.428749e-01
5.000000e-01 -5.000000e-01 1


beta: 1.000000e+00
discrepancy: 1.842746e-01
-2.381250e-01 4.618750e-01 2


beta: 1.000000e+00
discrepancy: 7.224271e-02
1.001892e-01 1.066720e+00 3


beta: 1.000000e+00
discrepancy: 2.782255e-02
-1.055352e-02 1.504233e+00 4


beta: 7.812500e-03
discrepancy: 2.777433e-02
-2.151385e-04 1.497850e+00 5


beta: 6.250000e-02
discrepancy: 2.705060e-02
2.367140e-02 1.505362e+00 6


beta: 5.000000e-01
discrepancy: 2.551853e-02
8.663422e-02 1.677882e+00 7


beta: 2.500000e-01
discrepancy: 2.434298e-02
9.534950e-02 1.911992e+00 8


beta: 1.000000e+00
discrepancy: 2.357708e-02
2.168113e-02 2.420542e+00 9


beta: 1.250000e-01
discrepancy: 2.283417e-02
4.995737e-02 2.336988e+00 10


beta: 1.000000e+00
discrepancy: 1.398718e-02
5.482448e-02 1.945176e+00 11


beta: 5.000000e-01
discrepancy: 1.372656e-02
3.407745e-02 2.194988e+00 12


beta: 1.000000e+00
discrepancy: 5.551202e-03
2.176551e-02 1.978234e+00 13


beta: 6.250000e-02
discrepancy: 5.462495e-03
2.074155e-02 2.009481e+00 14


beta: 5.000000e-01
discrepancy: 4.618929e-03
1.010769e-02 2.074528e+00 15


beta: 1.000000e+00
discrepancy: 1.370757e-03
5.374852e-03 1.994625e+00 16


beta: 3.906250e-03
discrepancy: 1.369523e-03
5.359091e-03 1.996578e+00 17


beta: 1.250000e-01
discrepancy: 1.368972e-03
4.712343e-03 2.009828e+00 18


beta: 1.000000e+00
discrepancy: 9.042463e-04
-6.897987e-05 2.020114e+00 19


beta: 1.000000e+00
discrepancy: 6.457661e-05
-2.532111e-04 2.000253e+00 20


beta: 7.629395e-06
discrepancy: 6.457647e-05
-2.532097e-04 2.000249e+00 21


beta: 2.441406e-04
discrepancy: 6.457524e-05
-2.531511e-04 2.000223e+00 22


beta: 7.812500e-03
discrepancy: 6.446646e-05
-2.511882e-04 2.000091e+00 23


beta: 2.500000e-01
discrepancy: 6.365043e-05
-1.884323e-04 1.999263e+00 24


beta: 1.000000e+00
discrepancy: 2.402805e-05
-9.421632e-05 2.000094e+00 25


beta: 9.536743e-07
discrepancy: 2.402804e-05
-9.421625e-05 2.000094e+00 26


beta: 3.051758e-05
discrepancy: 2.402801e-05
-9.421354e-05 2.000090e+00 27


beta: 9.765625e-04
discrepancy: 2.402241e-05
-9.412230e-05 2.000073e+00 28


beta: 3.125000e-02
discrepancy: 2.394199e-05
-9.118497e-05 1.999965e+00 29


beta: 5.000000e-01
discrepancy: 1.989608e-05
-4.558850e-05 1.999687e+00 30


beta: 1.000000e+00
discrepancy: 5.813239e-06
-2.279427e-05 2.000023e+00 31


beta: 5.960464e-08
discrepancy: 5.813239e-06
-2.279427e-05 2.000023e+00 32


beta: 3.814697e-06
discrepancy: 5.813232e-06
-2.279419e-05 2.000023e+00 33


beta: 1.220703e-04
discrepancy: 5.813195e-06
-2.279142e-05 2.000021e+00 34


beta: 3.906250e-03
discrepancy: 5.807893e-06
-2.270248e-05 2.000013e+00 35


beta: 1.250000e-01
discrepancy: 5.748606e-06
-1.986501e-05 1.999960e+00 36


beta: 1.000000e+00
discrepancy: 3.720695e-06
1.160262e-09 1.999917e+00 37


beta: 1.000000e+00
discrepancy: 1.103886e-09
4.328442e-09 2.000000e+00 38