beta: 1.000000e+00
discrepancy: 5.970278e-01
0.000000e+00 -1.250000e+00 1


beta: 1.000000e+00
discrepancy: 1.492569e-01
0.000000e+00 3.750000e-01 2


beta: 1.000000e+00
discrepancy: 3.731424e-02
0.000000e+00 1.187500e+00 3


beta: 1.000000e+00
discrepancy: 9.328559e-03
0.000000e+00 1.593750e+00 4


beta: 1.000000e+00
discrepancy: 2.332140e-03
0.000000e+00 1.796875e+00 5


beta: 1.000000e+00
discrepancy: 5.830350e-04
0.000000e+00 1.898438e+00 6


beta: 1.000000e+00
discrepancy: 1.457587e-04
0.000000e+00 1.949219e+00 7


beta: 1.000000e+00
discrepancy: 3.643968e-05
0.000000e+00 1.974609e+00 8


beta: 1.000000e+00
discrepancy: 9.109921e-06
0.000000e+00 1.987305e+00 9


beta: 1.000000e+00
discrepancy: 2.277480e-06
0.000000e+00 1.993652e+00 10


beta: 1.000000e+00
discrepancy: 5.693701e-07
0.000000e+00 1.996826e+00 11


beta: 1.000000e+00
discrepancy: 1.423425e-07
0.000000e+00 1.998413e+00 12


beta: 1.000000e+00
discrepancy: 3.558563e-08
0.000000e+00 1.999207e+00 13
