beta: 1.000000e+00
discrepancy: 7.918328e-01
3.846154e-01 -1.461538e+00 1


beta: 1.000000e+00
discrepancy: 2.055180e-01
5.799558e-02 2.717317e-01 2


beta: 1.000000e+00
discrepancy: 5.742739e-02
2.598677e-02 1.169436e+00 3


beta: 1.000000e+00
discrepancy: 1.759319e-02
1.103120e-02 1.646680e+00 4


beta: 1.000000e+00
discrepancy: 4.015972e-03
2.800879e-03 1.910285e+00 5


beta: 1.000000e+00
discrepancy: 1.242312e-04
8.735985e-05 1.997202e+00 6


beta: 1.000000e+00
discrepancy: 4.020011e-09
2.826911e-09 2.000000e+00 7