beta: 1.000000e+00
discrepancy: 2.302360e-01
8.333333e-01 1.166667e+00 1


beta: 1.000000e+00
discrepancy: 5.806764e-02
-1.110223e-16 1.166667e+00 2


beta: 5.000000e-01
discrepancy: 4.276660e-02
-1.488095e-01 1.732143e+00 3


beta: 1.000000e+00
discrepancy: 8.140635e-03
0.000000e+00 1.824735e+00 4


beta: 1.000000e+00
discrepancy: 2.146617e-03
-8.417018e-03 2.008417e+00 5


beta: 1.000000e+00
discrepancy: 3.794954e-04
7.979728e-17 2.008417e+00 6


beta: 1.000000e+00
discrepancy: 4.498058e-06
-1.763732e-05 2.000018e+00 7


beta: 1.000000e+00
discrepancy: 7.951523e-07
-1.510090e-16 2.000018e+00 8


beta: 1.000000e+00
discrepancy: 1.983331e-11
-7.776829e-11 2.000000e+00 9