beta: 1.000000e+00
discrepancy: 3.108523e-01
-2.218430e-02 4.151877e+00 1


beta: 1.000000e+00
discrepancy: 8.425254e-02
-3.208383e-02 3.048290e+00 2


beta: 1.000000e+00
discrepancy: 2.535967e-02
-1.473193e-02 2.472154e+00 3


beta: 1.000000e+00
discrepancy: 6.963418e-03
-4.777450e-03 2.153030e+00 4


beta: 1.000000e+00
discrepancy: 5.515599e-04
-3.874061e-04 2.012409e+00 5


beta: 1.000000e+00
discrepancy: 3.505170e-07
-2.462363e-07 2.000008e+00 6


beta: 1.000000e+00
discrepancy: 1.079266e-16
-2.018692e-16 2.000000e+00 7