beta: 1.000000e+00
discrepancy: 3.525120e-01
3.250000e+00 7.500000e-01 1


beta: 1.000000e+00
discrepancy: 2.786852e-01
1.625000e+00 4.000000e+00 2


beta: 1.000000e+00
discrepancy: 8.812800e-02
8.125000e-01 3.187500e+00 3


beta: 1.000000e+00
discrepancy: 6.967130e-02
4.062500e-01 4.000000e+00 4


beta: 1.000000e+00
discrepancy: 2.203200e-02
2.031250e-01 3.796875e+00 5


beta: 1.000000e+00
discrepancy: 1.741783e-02
1.015625e-01 4.000000e+00 6


beta: 1.000000e+00
discrepancy: 5.508000e-03
5.078125e-02 3.949219e+00 7


beta: 1.000000e+00
discrepancy: 4.354456e-03
2.539062e-02 4.000000e+00 8


beta: 1.000000e+00
discrepancy: 1.377000e-03
1.269531e-02 3.987305e+00 9


beta: 1.000000e+00
discrepancy: 1.088614e-03
6.347656e-03 4.000000e+00 10


beta: 1.000000e+00
discrepancy: 3.442500e-04
3.173828e-03 3.996826e+00 11


beta: 1.000000e+00
discrepancy: 2.721535e-04
1.586914e-03 4.000000e+00 12


beta: 1.000000e+00
discrepancy: 8.606250e-05
7.934570e-04 3.999207e+00 13


beta: 1.000000e+00
discrepancy: 6.803838e-05
3.967285e-04 4.000000e+00 14


beta: 1.000000e+00
discrepancy: 2.151562e-05
1.983643e-04 3.999802e+00 15


beta: 1.000000e+00
discrepancy: 1.700959e-05
9.918213e-05 4.000000e+00 16


beta: 1.000000e+00
discrepancy: 5.378906e-06
4.959106e-05 3.999950e+00 17


beta: 1.000000e+00
discrepancy: 4.252399e-06
2.479553e-05 4.000000e+00 18


beta: 1.000000e+00
discrepancy: 1.344727e-06
1.239777e-05 3.999988e+00 19


beta: 1.000000e+00
discrepancy: 1.063100e-06
6.198883e-06 4.000000e+00 20


beta: 1.000000e+00
discrepancy: 3.361816e-07
3.099442e-06 3.999997e+00 21


beta: 1.000000e+00
discrepancy: 2.657749e-07
1.549721e-06 4.000000e+00 22


beta: 1.000000e+00
discrepancy: 8.404541e-08
7.748604e-07 3.999999e+00 23