beta: 5.000000e-01
discrepancy: 8.291562e-01
1.500000e+00 1.500000e+00 1


beta: 6.250000e-02
discrepancy: 8.224674e-01
1.109375e+00 1.406250e+00 2


beta: 1.562500e-02
discrepancy: 8.185504e-01
1.303666e+00 1.235152e+00 3


beta: 9.765625e-04
discrepancy: 8.183647e-01
1.254956e+00 1.285289e+00 4


beta: 2.441406e-04
discrepancy: 8.183441e-01
1.283044e+00 1.257558e+00 5


beta: 1.220703e-04
discrepancy: 8.183164e-01
1.266524e+00 1.274255e+00 6


beta: 1.525879e-05
discrepancy: 8.183149e-01
1.273380e+00 1.267422e+00 7


beta: 7.629395e-06
discrepancy: 8.183135e-01
1.268944e+00 1.271869e+00 8


beta: 1.907349e-06
discrepancy: 8.183132e-01
1.271207e+00 1.269609e+00 9


beta: 4.768372e-07
discrepancy: 8.183131e-01
1.270172e+00 1.270645e+00 10


beta: 5.960464e-08
discrepancy: 8.183132e-01
1.271045e+00 1.269771e+00 11


beta: 4.768372e-07
discrepancy: 8.183131e-01
1.269748e+00 1.271070e+00 12


beta: 4.768372e-07
discrepancy: 8.183131e-01
1.270999e+00 1.269819e+00 13


beta: 2.384186e-07
discrepancy: 8.183130e-01
1.270298e+00 1.270521e+00 14


beta: 5.960464e-08
discrepancy: 8.183135e-01
1.272156e+00 1.268663e+00 15


beta: 1.907349e-06
discrepancy: 8.183130e-01
1.270264e+00 1.270558e+00 16


beta: 5.960464e-08
discrepancy: 8.183132e-01
1.271667e+00 1.269155e+00 17


beta: 1.907349e-06
discrepancy: 8.183132e-01
1.269036e+00 1.271789e+00 18


beta: 1.907349e-06
discrepancy: 8.183130e-01
1.271440e+00 1.269387e+00 19


beta: 9.536743e-07
discrepancy: 8.183128e-01
1.269829e+00 1.270999e+00 20


beta: 2.384186e-07
discrepancy: 8.183127e-01
1.270536e+00 1.270293e+00 21


beta: 5.960464e-08
discrepancy: 8.183131e-01
1.268834e+00 1.271995e+00 22


beta: 1.907349e-06
discrepancy: 8.183127e-01
1.270928e+00 1.269904e+00 23


beta: 2.384186e-07
discrepancy: 8.183127e-01
1.270122e+00 1.270710e+00 24


beta: 5.960464e-08
discrepancy: 8.183127e-01
1.270824e+00 1.270008e+00 25


beta: 1.192093e-07
discrepancy: 8.183126e-01
1.270318e+00 1.270515e+00 26


beta: 5.960464e-08
discrepancy: 8.183132e-01
1.272413e+00 1.268419e+00 27


beta: 3.814697e-06
discrepancy: 8.183127e-01
1.269104e+00 1.271734e+00 28


beta: 1.907349e-06
discrepancy: 8.183126e-01
1.271620e+00 1.269221e+00 29


beta: 9.536743e-07
discrepancy: 8.183124e-01
1.270242e+00 1.270600e+00 30


beta: 5.960464e-08
discrepancy: 8.183125e-01
1.271397e+00 1.269445e+00 31


beta: 9.536743e-07
discrepancy: 8.183124e-01
1.269704e+00 1.271140e+00 32


beta: 4.768372e-07
discrepancy: 8.183123e-01
1.270856e+00 1.269989e+00 33


beta: 1.192093e-07
discrepancy: 8.183123e-01
1.270379e+00 1.270466e+00 34


beta: 5.960464e-08
discrepancy: 8.183157e-01
1.275153e+00 1.265692e+00 35


beta: 1.525879e-05
discrepancy: 8.183118e-01
1.269571e+00 1.271296e+00 36


beta: 4.768372e-07
discrepancy: 8.183116e-01
1.270530e+00 1.270338e+00 37


beta: 5.960464e-08
discrepancy: 8.183123e-01
1.268371e+00 1.272498e+00 38


beta: 3.814697e-06
discrepancy: 8.183117e-01
1.271579e+00 1.269295e+00 39


beta: 9.536743e-07
discrepancy: 8.183114e-01
1.270132e+00 1.270743e+00 40


beta: 5.960464e-08
discrepancy: 8.183114e-01
1.270808e+00 1.270067e+00 41


beta: 1.192093e-07
discrepancy: 8.183114e-01
1.270250e+00 1.270626e+00 42


beta: 5.960464e-08
discrepancy: 8.183115e-01
1.271351e+00 1.269525e+00 43


beta: 9.536743e-07
discrepancy: 8.183115e-01
1.269542e+00 1.271335e+00 44


beta: 9.536743e-07
discrepancy: 8.183115e-01
1.271386e+00 1.269493e+00 45


beta: 9.536743e-07
discrepancy: 8.183114e-01
1.269640e+00 1.271240e+00 46


beta: 4.768372e-07
discrepancy: 8.183113e-01
1.270675e+00 1.270206e+00 47


beta: 5.960464e-08
discrepancy: 8.183113e-01
1.269792e+00 1.271089e+00 48


beta: 4.768372e-07
discrepancy: 8.183113e-01
1.271067e+00 1.269814e+00 49


beta: 4.768372e-07
discrepancy: 8.183113e-01
1.269748e+00 1.271134e+00 50


beta: 4.768372e-07
discrepancy: 8.183112e-01
1.270941e+00 1.269942e+00 51


beta: 2.384186e-07
discrepancy: 8.183112e-01
1.270113e+00 1.270770e+00 52


beta: 1.192093e-07
discrepancy: 8.183112e-01
1.270743e+00 1.270140e+00 53


beta: 5.960464e-08
discrepancy: 8.183112e-01
1.270058e+00 1.270826e+00 54


beta: 1.192093e-07
discrepancy: 8.183112e-01
1.270596e+00 1.270288e+00 55


beta: 5.960464e-08
discrepancy: 8.183114e-01
1.269251e+00 1.271633e+00 56


beta: 9.536743e-07
discrepancy: 8.183111e-01
1.270641e+00 1.270245e+00 57


beta: 5.960464e-08
discrepancy: 8.183112e-01
1.269598e+00 1.271288e+00 58


beta: 4.768372e-07
discrepancy: 8.183111e-01
1.270576e+00 1.270310e+00 59


beta: 5.960464e-08
discrepancy: 8.183114e-01
1.269025e+00 1.271862e+00 60


beta: 1.907349e-06
discrepancy: 8.183111e-01
1.271358e+00 1.269531e+00 61


beta: 9.536743e-07
discrepancy: 8.183111e-01
1.269549e+00 1.271342e+00 62


beta: 9.536743e-07
discrepancy: 8.183111e-01
1.271394e+00 1.269498e+00 63


beta: 9.536743e-07
discrepancy: 8.183110e-01
1.269649e+00 1.271244e+00 64


beta: 4.768372e-07
discrepancy: 8.183109e-01
1.270686e+00 1.270208e+00 65


beta: 5.960464e-08
discrepancy: 8.183109e-01
1.269821e+00 1.271073e+00 66


beta: 4.768372e-07
discrepancy: 8.183109e-01
1.271142e+00 1.269753e+00 67


beta: 4.768372e-07
discrepancy: 8.183109e-01
1.269952e+00 1.270944e+00 68


beta: 2.384186e-07
discrepancy: 8.183108e-01
1.270785e+00 1.270111e+00 69


beta: 1.192093e-07
discrepancy: 8.183108e-01
1.270171e+00 1.270725e+00 70


beta: 5.960464e-08
discrepancy: 8.183108e-01
1.270917e+00 1.269980e+00 71


beta: 2.384186e-07
discrepancy: 8.183108e-01
1.270034e+00 1.270863e+00 72


beta: 1.192093e-07
discrepancy: 8.183108e-01
1.270533e+00 1.270364e+00 73


beta: 5.960464e-08
discrepancy: 8.183116e-01
1.268090e+00 1.272808e+00 74


beta: 3.814697e-06
discrepancy: 8.183107e-01
1.270896e+00 1.270007e+00 75


beta: 2.384186e-07
discrepancy: 8.183107e-01
1.269967e+00 1.270936e+00 76


beta: 2.384186e-07
discrepancy: 8.183106e-01
1.270820e+00 1.270083e+00 77


beta: 1.192093e-07
discrepancy: 8.183106e-01
1.270259e+00 1.270645e+00 78


beta: 5.960464e-08
discrepancy: 8.183107e-01
1.271329e+00 1.269575e+00 79


beta: 9.536743e-07
discrepancy: 8.183107e-01
1.269445e+00 1.271460e+00 80


beta: 9.536743e-07
discrepancy: 8.183106e-01
1.271086e+00 1.269820e+00 81


beta: 4.768372e-07
discrepancy: 8.183106e-01
1.269780e+00 1.271127e+00 82


beta: 4.768372e-07
discrepancy: 8.183105e-01
1.271008e+00 1.269900e+00 83


beta: 2.384186e-07
discrepancy: 8.183105e-01
1.270262e+00 1.270646e+00 84


beta: 5.960464e-08
discrepancy: 8.183106e-01
1.271338e+00 1.269571e+00 85


beta: 9.536743e-07
discrepancy: 8.183106e-01
1.269467e+00 1.271443e+00 86


beta: 9.536743e-07
discrepancy: 8.183105e-01
1.271141e+00 1.269771e+00 87


beta: 4.768372e-07
discrepancy: 8.183104e-01
1.269934e+00 1.270978e+00 88


beta: 2.384186e-07
discrepancy: 8.183104e-01
1.270727e+00 1.270186e+00 89


beta: 5.960464e-08
discrepancy: 8.183104e-01
1.269962e+00 1.270950e+00 90


beta: 2.384186e-07
discrepancy: 8.183104e-01
1.270799e+00 1.270113e+00 91


beta: 1.192093e-07
discrepancy: 8.183103e-01
1.270197e+00 1.270716e+00 92


beta: 5.960464e-08
discrepancy: 8.183104e-01
1.270994e+00 1.269919e+00 93


beta: 2.384186e-07
discrepancy: 8.183103e-01
1.270225e+00 1.270688e+00 94


beta: 5.960464e-08
discrepancy: 8.183104e-01
1.271119e+00 1.269795e+00 95


beta: 4.768372e-07
discrepancy: 8.183103e-01
1.269870e+00 1.271044e+00 96


beta: 2.384186e-07
discrepancy: 8.183103e-01
1.270574e+00 1.270341e+00 97


beta: 5.960464e-08
discrepancy: 8.183107e-01
1.268803e+00 1.272112e+00 98


beta: 1.907349e-06
discrepancy: 8.183102e-01
1.270803e+00 1.270115e+00 99


beta: 1.192093e-07
discrepancy: 8.183102e-01
1.270203e+00 1.270715e+00 100


beta: 5.960464e-08
discrepancy: 8.183102e-01
1.271010e+00 1.269908e+00 101


beta: 2.384186e-07
discrepancy: 8.183102e-01
1.270260e+00 1.270658e+00 102


beta: 5.960464e-08
discrepancy: 8.183103e-01
1.271297e+00 1.269621e+00 103


beta: 4.768372e-07
discrepancy: 8.183102e-01
1.270311e+00 1.270608e+00 104


beta: 5.960464e-08
discrepancy: 8.183104e-01
1.271707e+00 1.269212e+00 105


beta: 1.907349e-06
discrepancy: 8.183104e-01
1.269057e+00 1.271865e+00 106


beta: 1.907349e-06
discrepancy: 8.183101e-01
1.271415e+00 1.269510e+00 107


beta: 9.536743e-07
discrepancy: 8.183100e-01
1.269678e+00 1.271248e+00 108


beta: 4.768372e-07
discrepancy: 8.183099e-01
1.270732e+00 1.270195e+00 109


beta: 5.960464e-08
discrepancy: 8.183100e-01
1.269964e+00 1.270963e+00 110


beta: 2.384186e-07
discrepancy: 8.183099e-01
1.270791e+00 1.270137e+00 111


beta: 1.192093e-07
discrepancy: 8.183099e-01
1.270159e+00 1.270769e+00 112


beta: 5.960464e-08
discrepancy: 8.183099e-01
1.270837e+00 1.270091e+00 113


beta: 1.192093e-07
discrepancy: 8.183099e-01
1.270283e+00 1.270645e+00 114


beta: 5.960464e-08
discrepancy: 8.183100e-01
1.271428e+00 1.269501e+00 115


beta: 9.536743e-07
discrepancy: 8.183099e-01
1.269712e+00 1.271218e+00 116


beta: 4.768372e-07
discrepancy: 8.183098e-01
1.270811e+00 1.270120e+00 117


beta: 1.192093e-07
discrepancy: 8.183098e-01
1.270213e+00 1.270718e+00 118


beta: 5.960464e-08
discrepancy: 8.183099e-01
1.271031e+00 1.269900e+00 119


beta: 2.384186e-07
discrepancy: 8.183098e-01
1.270300e+00 1.270631e+00 120


beta: 5.960464e-08
discrepancy: 8.183100e-01
1.271548e+00 1.269383e+00 121


beta: 9.536743e-07
discrepancy: 8.183098e-01
1.270021e+00 1.270911e+00 122


beta: 2.384186e-07
discrepancy: 8.183098e-01
1.270951e+00 1.269982e+00 123


beta: 2.384186e-07
discrepancy: 8.183098e-01
1.270098e+00 1.270836e+00 124


beta: 1.192093e-07
discrepancy: 8.183097e-01
1.270658e+00 1.270276e+00 125


beta: 5.960464e-08
discrepancy: 8.183099e-01
1.269576e+00 1.271357e+00 126


beta: 9.536743e-07
discrepancy: 8.183098e-01
1.271434e+00 1.269501e+00 127


beta: 9.536743e-07
discrepancy: 8.183097e-01
1.269723e+00 1.271214e+00 128


beta: 4.768372e-07
discrepancy: 8.183097e-01
1.270832e+00 1.270105e+00 129


beta: 1.192093e-07
discrepancy: 8.183096e-01
1.270263e+00 1.270674e+00 130


beta: 5.960464e-08
discrepancy: 8.183097e-01
1.271269e+00 1.269669e+00 131


beta: 4.768372e-07
discrepancy: 8.183096e-01
1.270236e+00 1.270702e+00 132


beta: 5.960464e-08
discrepancy: 8.183097e-01
1.271122e+00 1.269816e+00 133


beta: 4.768372e-07
discrepancy: 8.183096e-01
1.269857e+00 1.271082e+00 134


beta: 2.384186e-07
discrepancy: 8.183096e-01
1.270532e+00 1.270407e+00 135


beta: 5.960464e-08
discrepancy: 8.183112e-01
1.267209e+00 1.273731e+00 136


beta: 7.629395e-06
discrepancy: 8.183093e-01
1.271271e+00 1.269680e+00 137


beta: 4.768372e-07
discrepancy: 8.183092e-01
1.270233e+00 1.270719e+00 138


beta: 5.960464e-08
discrepancy: 8.183093e-01
1.271083e+00 1.269869e+00 139


beta: 2.384186e-07
discrepancy: 8.183092e-01
1.270402e+00 1.270550e+00 140


beta: 5.960464e-08
discrepancy: 8.183103e-01
1.273194e+00 1.267758e+00 141


beta: 7.629395e-06
discrepancy: 8.183096e-01
1.268333e+00 1.272630e+00 142


beta: 3.814697e-06
discrepancy: 8.183089e-01
1.271414e+00 1.269555e+00 143


beta: 9.536743e-07
discrepancy: 8.183088e-01
1.269636e+00 1.271334e+00 144


beta: 4.768372e-07
discrepancy: 8.183087e-01
1.270611e+00 1.270360e+00 145


beta: 5.960464e-08
discrepancy: 8.183090e-01
1.268960e+00 1.272011e+00 146


beta: 1.907349e-06
discrepancy: 8.183086e-01
1.271129e+00 1.269845e+00 147


beta: 4.768372e-07
discrepancy: 8.183086e-01
1.269841e+00 1.271133e+00 148


beta: 4.768372e-07
discrepancy: 8.183086e-01
1.271121e+00 1.269854e+00 149


beta: 4.768372e-07
discrepancy: 8.183086e-01
1.269816e+00 1.271159e+00 150


beta: 4.768372e-07
discrepancy: 8.183085e-01
1.271048e+00 1.269928e+00 151


beta: 2.384186e-07
discrepancy: 8.183085e-01
1.270310e+00 1.270667e+00 152


beta: 5.960464e-08
discrepancy: 8.183086e-01
1.271467e+00 1.269510e+00 153


beta: 9.536743e-07
discrepancy: 8.183085e-01
1.269777e+00 1.271202e+00 154


beta: 4.768372e-07
discrepancy: 8.183085e-01
1.270938e+00 1.270041e+00 155


beta: 2.384186e-07
discrepancy: 8.183084e-01
1.270016e+00 1.270964e+00 156


beta: 2.384186e-07
discrepancy: 8.183084e-01
1.270887e+00 1.270092e+00 157


beta: 1.192093e-07
discrepancy: 8.183084e-01
1.270368e+00 1.270612e+00 158


beta: 5.960464e-08
discrepancy: 8.183088e-01
1.272056e+00 1.268924e+00 159


beta: 1.907349e-06
discrepancy: 8.183084e-01
1.269946e+00 1.271037e+00 160


beta: 2.384186e-07
discrepancy: 8.183083e-01
1.270703e+00 1.270280e+00 161


beta: 5.960464e-08
discrepancy: 8.183084e-01
1.269728e+00 1.271256e+00 162


beta: 4.768372e-07
discrepancy: 8.183083e-01
1.270810e+00 1.270174e+00 163


beta: 1.192093e-07
discrepancy: 8.183083e-01
1.270159e+00 1.270825e+00 164


beta: 1.192093e-07
discrepancy: 8.183083e-01
1.270779e+00 1.270205e+00 165


beta: 5.960464e-08
discrepancy: 8.183083e-01
1.270060e+00 1.270925e+00 166


beta: 1.192093e-07
discrepancy: 8.183083e-01
1.270538e+00 1.270447e+00 167


beta: 5.960464e-08
discrepancy: 8.183114e-01
1.265973e+00 1.275012e+00 168


beta: 1.525879e-05
discrepancy: 8.183079e-01
1.271838e+00 1.269169e+00 169


beta: 1.907349e-06
discrepancy: 8.183077e-01
1.269361e+00 1.271649e+00 170


beta: 9.536743e-07
discrepancy: 8.183075e-01
1.270807e+00 1.270204e+00 171


beta: 5.960464e-08
discrepancy: 8.183075e-01
1.270122e+00 1.270889e+00 172


beta: 1.192093e-07
discrepancy: 8.183075e-01
1.270662e+00 1.270350e+00 173


beta: 5.960464e-08
discrepancy: 8.183077e-01
1.269335e+00 1.271677e+00 174


beta: 9.536743e-07
discrepancy: 8.183074e-01
1.270747e+00 1.270266e+00 175


beta: 5.960464e-08
discrepancy: 8.183075e-01
1.269887e+00 1.271127e+00 176


beta: 4.768372e-07
discrepancy: 8.183075e-01
1.271220e+00 1.269794e+00 177


beta: 4.768372e-07
discrepancy: 8.183074e-01
1.270061e+00 1.270954e+00 178


beta: 2.384186e-07
discrepancy: 8.183074e-01
1.270988e+00 1.270027e+00 179


beta: 2.384186e-07
discrepancy: 8.183074e-01
1.270129e+00 1.270887e+00 180


beta: 1.192093e-07
discrepancy: 8.183074e-01
1.270674e+00 1.270342e+00 181


beta: 5.960464e-08
discrepancy: 8.183075e-01
1.269431e+00 1.271585e+00 182


beta: 9.536743e-07
discrepancy: 8.183073e-01
1.270967e+00 1.270051e+00 183


beta: 2.384186e-07
discrepancy: 8.183073e-01
1.270064e+00 1.270954e+00 184


beta: 2.384186e-07
discrepancy: 8.183073e-01
1.270994e+00 1.270024e+00 185


beta: 2.384186e-07
discrepancy: 8.183073e-01
1.270141e+00 1.270878e+00 186


beta: 1.192093e-07
discrepancy: 8.183073e-01
1.270702e+00 1.270317e+00 187


beta: 5.960464e-08
discrepancy: 8.183074e-01
1.269630e+00 1.271389e+00 188


beta: 9.536743e-07
discrepancy: 8.183074e-01
1.271511e+00 1.269510e+00 189


beta: 9.536743e-07
discrepancy: 8.183073e-01
1.269858e+00 1.271163e+00 190


beta: 4.768372e-07
discrepancy: 8.183072e-01
1.271126e+00 1.269897e+00 191


beta: 2.384186e-07
discrepancy: 8.183072e-01
1.270453e+00 1.270569e+00 192


beta: 5.960464e-08
discrepancy: 8.183090e-01
1.274017e+00 1.267006e+00 193


beta: 1.525879e-05
discrepancy: 8.183090e-01
1.266480e+00 1.274565e+00 194


beta: 1.525879e-05
discrepancy: 8.183068e-01
1.273037e+00 1.268030e+00 195


beta: 7.629395e-06
discrepancy: 8.183067e-01
1.267758e+00 1.273320e+00 196


beta: 7.629395e-06
discrepancy: 8.183058e-01
1.272521e+00 1.268569e+00 197


beta: 3.814697e-06
discrepancy: 8.183054e-01
1.269175e+00 1.271920e+00 198


beta: 1.907349e-06
discrepancy: 8.183052e-01
1.271587e+00 1.269511e+00 199


beta: 9.536743e-07
discrepancy: 8.183050e-01
1.269994e+00 1.271105e+00 200


beta: 2.384186e-07
discrepancy: 8.183050e-01
1.270739e+00 1.270360e+00 201


beta: 5.960464e-08
discrepancy: 8.183051e-01
1.269648e+00 1.271452e+00 202


beta: 9.536743e-07
discrepancy: 8.183050e-01
1.271483e+00 1.269618e+00 203


beta: 9.536743e-07
discrepancy: 8.183050e-01
1.269711e+00 1.271392e+00 204


beta: 4.768372e-07
discrepancy: 8.183048e-01
1.270695e+00 1.270409e+00 205


beta: 5.960464e-08
discrepancy: 8.183051e-01
1.269250e+00 1.271853e+00 206


beta: 1.907349e-06
discrepancy: 8.183050e-01
1.271793e+00 1.269313e+00 207


beta: 1.907349e-06
discrepancy: 8.183050e-01
1.269127e+00 1.271982e+00 208


beta: 1.907349e-06
discrepancy: 8.183047e-01
1.271446e+00 1.269666e+00 209


beta: 9.536743e-07
discrepancy: 8.183047e-01
1.269587e+00 1.271526e+00 210


beta: 9.536743e-07
discrepancy: 8.183046e-01
1.271294e+00 1.269820e+00 211


beta: 4.768372e-07
discrepancy: 8.183045e-01
1.270173e+00 1.270942e+00 212


beta: 1.192093e-07
discrepancy: 8.183045e-01
1.270710e+00 1.270405e+00 213


beta: 5.960464e-08
discrepancy: 8.183047e-01
1.269355e+00 1.271761e+00 214


beta: 9.536743e-07
discrepancy: 8.183045e-01
1.270730e+00 1.270387e+00 215


beta: 5.960464e-08
discrepancy: 8.183046e-01
1.269523e+00 1.271594e+00 216


beta: 9.536743e-07
discrepancy: 8.183045e-01
1.271121e+00 1.269998e+00 217


beta: 2.384186e-07
discrepancy: 8.183044e-01
1.270385e+00 1.270734e+00 218


beta: 5.960464e-08
discrepancy: 8.183045e-01
1.271570e+00 1.269549e+00 219


beta: 9.536743e-07
discrepancy: 8.183044e-01
1.269935e+00 1.271185e+00 220


beta: 4.768372e-07
discrepancy: 8.183044e-01
1.271259e+00 1.269863e+00 221


beta: 4.768372e-07
discrepancy: 8.183043e-01
1.270075e+00 1.271047e+00 222


beta: 2.384186e-07
discrepancy: 8.183043e-01
1.270925e+00 1.270198e+00 223


beta: 1.192093e-07
discrepancy: 8.183043e-01
1.270356e+00 1.270767e+00 224


beta: 5.960464e-08
discrepancy: 8.183044e-01
1.271362e+00 1.269761e+00 225


beta: 4.768372e-07
discrepancy: 8.183043e-01
1.270330e+00 1.270794e+00 226


beta: 5.960464e-08
discrepancy: 8.183043e-01
1.271221e+00 1.269902e+00 227


beta: 4.768372e-07
discrepancy: 8.183043e-01
1.269968e+00 1.271156e+00 228


beta: 2.384186e-07
discrepancy: 8.183042e-01
1.270664e+00 1.270460e+00 229


beta: 5.960464e-08
discrepancy: 8.183048e-01
1.268634e+00 1.272491e+00 230


beta: 3.814697e-06
discrepancy: 8.183044e-01
1.272066e+00 1.269064e+00 231


beta: 1.907349e-06
discrepancy: 8.183041e-01
1.269864e+00 1.271270e+00 232


beta: 4.768372e-07
discrepancy: 8.183040e-01
1.271040e+00 1.270094e+00 233


beta: 2.384186e-07
discrepancy: 8.183040e-01
1.270167e+00 1.270967e+00 234


beta: 1.192093e-07
discrepancy: 8.183040e-01
1.270683e+00 1.270451e+00 235


beta: 5.960464e-08
discrepancy: 8.183044e-01
1.268900e+00 1.272234e+00 236


beta: 1.907349e-06
discrepancy: 8.183039e-01
1.270885e+00 1.270252e+00 237


beta: 1.192093e-07
discrepancy: 8.183039e-01
1.270232e+00 1.270905e+00 238


beta: 1.192093e-07
discrepancy: 8.183039e-01
1.270847e+00 1.270291e+00 239


beta: 5.960464e-08
discrepancy: 8.183039e-01
1.270103e+00 1.271035e+00 240


beta: 2.384186e-07
discrepancy: 8.183039e-01
1.270990e+00 1.270148e+00 241


beta: 1.192093e-07
discrepancy: 8.183038e-01
1.270499e+00 1.270639e+00 242


beta: 5.960464e-08
discrepancy: 8.183051e-01
1.273453e+00 1.267685e+00 243


beta: 7.629395e-06
discrepancy: 8.183040e-01
1.268872e+00 1.272278e+00 244


beta: 1.907349e-06
discrepancy: 8.183034e-01
1.270815e+00 1.270337e+00 245


beta: 5.960464e-08
discrepancy: 8.183035e-01
1.269951e+00 1.271201e+00 246


beta: 4.768372e-07
discrepancy: 8.183035e-01
1.271275e+00 1.269878e+00 247


beta: 4.768372e-07
discrepancy: 8.183034e-01
1.270092e+00 1.271062e+00 248


beta: 2.384186e-07
discrepancy: 8.183034e-01
1.270943e+00 1.270211e+00 249


beta: 1.192093e-07
discrepancy: 8.183034e-01
1.270379e+00 1.270776e+00 250


beta: 5.960464e-08
discrepancy: 8.183035e-01
1.271421e+00 1.269734e+00 251


beta: 4.768372e-07
discrepancy: 8.183034e-01
1.270441e+00 1.270714e+00 252


beta: 5.960464e-08
discrepancy: 8.183036e-01
1.271952e+00 1.269204e+00 253


beta: 1.907349e-06
discrepancy: 8.183034e-01
1.269547e+00 1.271612e+00 254


beta: 9.536743e-07
discrepancy: 8.183033e-01
1.271149e+00 1.270010e+00 255


beta: 2.384186e-07
discrepancy: 8.183032e-01
1.270423e+00 1.270737e+00 256


beta: 5.960464e-08
discrepancy: 8.183034e-01
1.271744e+00 1.269416e+00 257


beta: 9.536743e-07
discrepancy: 8.183032e-01
1.270323e+00 1.270838e+00 258


beta: 5.960464e-08
discrepancy: 8.183032e-01
1.271126e+00 1.270036e+00 259


beta: 2.384186e-07
discrepancy: 8.183032e-01
1.270368e+00 1.270794e+00 260


beta: 5.960464e-08
discrepancy: 8.183032e-01
1.271338e+00 1.269825e+00 261


beta: 4.768372e-07
discrepancy: 8.183031e-01
1.270245e+00 1.270918e+00 262


beta: 1.192093e-07
discrepancy: 8.183031e-01
1.270859e+00 1.270304e+00 263


beta: 5.960464e-08
discrepancy: 8.183032e-01
1.270114e+00 1.271049e+00 264


beta: 2.384186e-07
discrepancy: 8.183031e-01
1.270998e+00 1.270165e+00 265


beta: 1.192093e-07
discrepancy: 8.183031e-01
1.270502e+00 1.270662e+00 266


beta: 5.960464e-08
discrepancy: 8.183041e-01
1.273097e+00 1.268067e+00 267


beta: 7.629395e-06
discrepancy: 8.183039e-01
1.267844e+00 1.273332e+00 268


beta: 7.629395e-06
discrepancy: 8.183031e-01
1.272670e+00 1.268516e+00 269


beta: 3.814697e-06
discrepancy: 8.183025e-01
1.269489e+00 1.271703e+00 270


beta: 9.536743e-07
discrepancy: 8.183023e-01
1.270984e+00 1.270210e+00 271


beta: 1.192093e-07
discrepancy: 8.183023e-01
1.270449e+00 1.270744e+00 272


beta: 5.960464e-08
discrepancy: 8.183025e-01
1.271854e+00 1.269340e+00 273


beta: 1.907349e-06
discrepancy: 8.183025e-01
1.269223e+00 1.271973e+00 274


beta: 1.907349e-06
discrepancy: 8.183023e-01
1.271630e+00 1.269569e+00 275


beta: 9.536743e-07
discrepancy: 8.183021e-01
1.270026e+00 1.271175e+00 276


beta: 2.384186e-07
discrepancy: 8.183020e-01
1.270745e+00 1.270456e+00 277


beta: 5.960464e-08
discrepancy: 8.183023e-01
1.269317e+00 1.271884e+00 278


beta: 1.907349e-06
discrepancy: 8.183022e-01
1.271896e+00 1.269308e+00 279


beta: 1.907349e-06
discrepancy: 8.183021e-01
1.269341e+00 1.271866e+00 280


beta: 1.907349e-06
discrepancy: 8.183021e-01
1.271963e+00 1.269247e+00 281


beta: 1.907349e-06
discrepancy: 8.183019e-01
1.269529e+00 1.271683e+00 282


beta: 9.536743e-07
discrepancy: 8.183017e-01
1.271065e+00 1.270149e+00 283


beta: 2.384186e-07
discrepancy: 8.183017e-01
1.270162e+00 1.271052e+00 284


beta: 2.384186e-07
discrepancy: 8.183017e-01
1.271091e+00 1.270123e+00 285


beta: 2.384186e-07
discrepancy: 8.183017e-01
1.270238e+00 1.270977e+00 286


beta: 1.192093e-07
discrepancy: 8.183016e-01
1.270797e+00 1.270418e+00 287


beta: 5.960464e-08
discrepancy: 8.183018e-01
1.269709e+00 1.271506e+00 288


beta: 9.536743e-07
discrepancy: 8.183017e-01
1.271549e+00 1.269668e+00 289


beta: 9.536743e-07
discrepancy: 8.183017e-01
1.269791e+00 1.271427e+00 290


beta: 4.768372e-07
discrepancy: 8.183015e-01
1.270802e+00 1.270416e+00 291


beta: 5.960464e-08
discrepancy: 8.183016e-01
1.269733e+00 1.271486e+00 292


beta: 9.536743e-07
discrepancy: 8.183016e-01
1.271620e+00 1.269600e+00 293


beta: 9.536743e-07
discrepancy: 8.183015e-01
1.269984e+00 1.271238e+00 294


beta: 4.768372e-07
discrepancy: 8.183015e-01
1.271303e+00 1.269919e+00 295


beta: 4.768372e-07
discrepancy: 8.183014e-01
1.270108e+00 1.271114e+00 296


beta: 2.384186e-07
discrepancy: 8.183014e-01
1.270930e+00 1.270293e+00 297


beta: 1.192093e-07
discrepancy: 8.183014e-01
1.270282e+00 1.270941e+00 298


beta: 1.192093e-07
discrepancy: 8.183014e-01
1.270909e+00 1.270314e+00 299


beta: 5.960464e-08
discrepancy: 8.183014e-01
1.270214e+00 1.271009e+00 300


beta: 1.192093e-07
discrepancy: 8.183014e-01
1.270734e+00 1.270490e+00 301


beta: 5.960464e-08
discrepancy: 8.183017e-01
1.269045e+00 1.272179e+00 302


beta: 1.907349e-06
discrepancy: 8.183013e-01
1.271158e+00 1.270069e+00 303


beta: 2.384186e-07
discrepancy: 8.183013e-01
1.270399e+00 1.270829e+00 304


beta: 5.960464e-08
discrepancy: 8.183014e-01
1.271360e+00 1.269868e+00 305


beta: 4.768372e-07
discrepancy: 8.183013e-01
1.270252e+00 1.270976e+00 306


beta: 1.192093e-07
discrepancy: 8.183013e-01
1.270823e+00 1.270405e+00 307


beta: 5.960464e-08
discrepancy: 8.183013e-01
1.269835e+00 1.271393e+00 308


beta: 4.768372e-07
discrepancy: 8.183012e-01
1.270897e+00 1.270332e+00 309


beta: 5.960464e-08
discrepancy: 8.183013e-01
1.270164e+00 1.271065e+00 310


beta: 2.384186e-07
discrepancy: 8.183012e-01
1.271082e+00 1.270148e+00 311


beta: 2.384186e-07
discrepancy: 8.183012e-01
1.270197e+00 1.271033e+00 312


beta: 1.192093e-07
discrepancy: 8.183012e-01
1.270692e+00 1.270538e+00 313


beta: 5.960464e-08
discrepancy: 8.183022e-01
1.267997e+00 1.273234e+00 314


beta: 7.629395e-06
discrepancy: 8.183018e-01
1.273054e+00 1.268187e+00 315


beta: 3.814697e-06
discrepancy: 8.183007e-01
1.270339e+00 1.270908e+00 316


beta: 5.960464e-08
discrepancy: 8.183007e-01
1.271064e+00 1.270183e+00 317


beta: 2.384186e-07
discrepancy: 8.183007e-01
1.270126e+00 1.271122e+00 318


beta: 2.384186e-07
discrepancy: 8.183007e-01
1.270956e+00 1.270292e+00 319


beta: 1.192093e-07
discrepancy: 8.183007e-01
1.270333e+00 1.270915e+00 320


beta: 5.960464e-08
discrepancy: 8.183007e-01
1.271044e+00 1.270204e+00 321


beta: 1.192093e-07
discrepancy: 8.183007e-01
1.270552e+00 1.270696e+00 322


beta: 5.960464e-08
discrepancy: 8.183019e-01
1.273427e+00 1.267822e+00 323


beta: 7.629395e-06
discrepancy: 8.183009e-01
1.268712e+00 1.272547e+00 324


beta: 3.814697e-06
discrepancy: 8.183005e-01
1.272165e+00 1.269100e+00 325


beta: 1.907349e-06
discrepancy: 8.183002e-01
1.270008e+00 1.271260e+00 326


beta: 4.768372e-07
discrepancy: 8.183002e-01
1.271330e+00 1.269938e+00 327


beta: 4.768372e-07
discrepancy: 8.183001e-01
1.270143e+00 1.271127e+00 328


beta: 2.384186e-07
discrepancy: 8.183001e-01
1.270984e+00 1.270286e+00 329


beta: 1.192093e-07
discrepancy: 8.183001e-01
1.270391e+00 1.270879e+00 330


beta: 5.960464e-08
discrepancy: 8.183001e-01
1.271238e+00 1.270032e+00 331


beta: 2.384186e-07
discrepancy: 8.183000e-01
1.270553e+00 1.270718e+00 332


beta: 5.960464e-08
discrepancy: 8.183009e-01
1.273053e+00 1.268218e+00 333


beta: 3.814697e-06
discrepancy: 8.182999e-01
1.270319e+00 1.270957e+00 334


beta: 1.192093e-07
discrepancy: 8.182999e-01
1.270967e+00 1.270309e+00 335


beta: 1.192093e-07
discrepancy: 8.182999e-01
1.270340e+00 1.270937e+00 336


beta: 5.960464e-08
discrepancy: 8.182999e-01
1.271032e+00 1.270245e+00 337


beta: 1.192093e-07
discrepancy: 8.182999e-01
1.270507e+00 1.270769e+00 338


beta: 5.960464e-08
discrepancy: 8.183002e-01
1.272085e+00 1.269192e+00 339


beta: 1.907349e-06
discrepancy: 8.182999e-01
1.269801e+00 1.271479e+00 340


beta: 4.768372e-07
discrepancy: 8.182998e-01
1.270787e+00 1.270493e+00 341


beta: 5.960464e-08
discrepancy: 8.183000e-01
1.269379e+00 1.271902e+00 342


beta: 1.907349e-06
discrepancy: 8.182999e-01
1.272002e+00 1.269281e+00 343


beta: 1.907349e-06
discrepancy: 8.182998e-01
1.269573e+00 1.271713e+00 344


beta: 9.536743e-07
discrepancy: 8.182996e-01
1.271119e+00 1.270169e+00 345


beta: 2.384186e-07
discrepancy: 8.182996e-01
1.270249e+00 1.271039e+00 346


beta: 1.192093e-07
discrepancy: 8.182995e-01
1.270771e+00 1.270517e+00 347


beta: 5.960464e-08
discrepancy: 8.182999e-01
1.269149e+00 1.272140e+00 348


beta: 1.907349e-06
discrepancy: 8.182995e-01
1.271361e+00 1.269930e+00 349


beta: 4.768372e-07
discrepancy: 8.182995e-01
1.270206e+00 1.271086e+00 350


beta: 2.384186e-07
discrepancy: 8.182995e-01
1.271147e+00 1.270146e+00 351


beta: 2.384186e-07
discrepancy: 8.182994e-01
1.270321e+00 1.270972e+00 352


beta: 1.192093e-07
discrepancy: 8.182994e-01
1.270956e+00 1.270337e+00 353


beta: 1.192093e-07
discrepancy: 8.182994e-01
1.270288e+00 1.271005e+00 354


beta: 1.192093e-07
discrepancy: 8.182994e-01
1.270865e+00 1.270428e+00 355


beta: 5.960464e-08
discrepancy: 8.182995e-01
1.269918e+00 1.271375e+00 356


beta: 4.768372e-07
discrepancy: 8.182994e-01
1.271053e+00 1.270241e+00 357


beta: 1.192093e-07
discrepancy: 8.182994e-01
1.270544e+00 1.270750e+00 358


beta: 5.960464e-08
discrepancy: 8.182999e-01
1.272552e+00 1.268742e+00 359


beta: 3.814697e-06
discrepancy: 8.182996e-01
1.269083e+00 1.272217e+00 360


beta: 1.907349e-06
discrepancy: 8.182992e-01
1.271194e+00 1.270108e+00 361


beta: 2.384186e-07
discrepancy: 8.182991e-01
1.270433e+00 1.270870e+00 362


beta: 5.960464e-08
discrepancy: 8.182992e-01
1.271381e+00 1.269923e+00 363


beta: 4.768372e-07
discrepancy: 8.182991e-01
1.270247e+00 1.271057e+00 364


beta: 1.192093e-07
discrepancy: 8.182991e-01
1.270757e+00 1.270547e+00 365


beta: 5.960464e-08
discrepancy: 8.182996e-01
1.268783e+00 1.272521e+00 366


beta: 3.814697e-06
discrepancy: 8.182993e-01
1.272325e+00 1.268985e+00 367


beta: 1.907349e-06
discrepancy: 8.182988e-01
1.270345e+00 1.270968e+00 368


beta: 1.192093e-07
discrepancy: 8.182988e-01
1.271009e+00 1.270304e+00 369


beta: 1.192093e-07
discrepancy: 8.182988e-01
1.270423e+00 1.270890e+00 370


beta: 5.960464e-08
discrepancy: 8.182989e-01
1.271310e+00 1.270003e+00 371


beta: 4.768372e-07
discrepancy: 8.182989e-01
1.270046e+00 1.271267e+00 372


beta: 2.384186e-07
discrepancy: 8.182988e-01
1.270724e+00 1.270590e+00 373


beta: 5.960464e-08
discrepancy: 8.183002e-01
1.267625e+00 1.273690e+00 374


beta: 7.629395e-06
discrepancy: 8.182987e-01
1.271993e+00 1.269332e+00 375


beta: 1.907349e-06
discrepancy: 8.182986e-01
1.269508e+00 1.271820e+00 376


beta: 9.536743e-07
discrepancy: 8.182984e-01
1.270939e+00 1.270390e+00 377


beta: 5.960464e-08
discrepancy: 8.182984e-01
1.270187e+00 1.271143e+00 378


beta: 2.384186e-07
discrepancy: 8.182983e-01
1.271052e+00 1.270278e+00 379


beta: 1.192093e-07
discrepancy: 8.182983e-01
1.270517e+00 1.270813e+00 380


beta: 5.960464e-08
discrepancy: 8.182986e-01
1.271913e+00 1.269418e+00 381


beta: 1.907349e-06
discrepancy: 8.182985e-01
1.269262e+00 1.272071e+00 382


beta: 1.907349e-06
discrepancy: 8.182983e-01
1.271619e+00 1.269717e+00 383


beta: 9.536743e-07
discrepancy: 8.182982e-01
1.269881e+00 1.271456e+00 384


beta: 4.768372e-07
discrepancy: 8.182981e-01
1.270931e+00 1.270407e+00 385


beta: 5.960464e-08
discrepancy: 8.182981e-01
1.270143e+00 1.271195e+00 386


beta: 2.384186e-07
discrepancy: 8.182981e-01
1.270929e+00 1.270409e+00 387


beta: 5.960464e-08
discrepancy: 8.182981e-01
1.270134e+00 1.271205e+00 388


beta: 2.384186e-07
discrepancy: 8.182981e-01
1.270906e+00 1.270433e+00 389


beta: 5.960464e-08
discrepancy: 8.182981e-01
1.270032e+00 1.271307e+00 390


beta: 4.768372e-07
discrepancy: 8.182981e-01
1.271330e+00 1.270010e+00 391


beta: 4.768372e-07
discrepancy: 8.182981e-01
1.270079e+00 1.271262e+00 392


beta: 2.384186e-07
discrepancy: 8.182980e-01
1.270778e+00 1.270564e+00 393


beta: 5.960464e-08
discrepancy: 8.182985e-01
1.268846e+00 1.272496e+00 394


beta: 3.814697e-06
discrepancy: 8.182983e-01
1.272473e+00 1.268873e+00 395


beta: 3.814697e-06
discrepancy: 8.182982e-01
1.268801e+00 1.272551e+00 396


beta: 3.814697e-06
discrepancy: 8.182979e-01
1.272331e+00 1.269027e+00 397


beta: 1.907349e-06
discrepancy: 8.182975e-01
1.270331e+00 1.271030e+00 398


beta: 1.192093e-07
discrepancy: 8.182975e-01
1.270923e+00 1.270438e+00 399


beta: 5.960464e-08
discrepancy: 8.182975e-01
1.270070e+00 1.271291e+00 400


beta: 2.384186e-07
discrepancy: 8.182974e-01
1.270747e+00 1.270614e+00 401


beta: 5.960464e-08
discrepancy: 8.182988e-01
1.267637e+00 1.273725e+00 402


beta: 7.629395e-06
discrepancy: 8.182974e-01
1.271989e+00 1.269384e+00 403


beta: 1.907349e-06
discrepancy: 8.182973e-01
1.269450e+00 1.271925e+00 404


beta: 9.536743e-07
discrepancy: 8.182970e-01
1.270787e+00 1.270589e+00 405


beta: 5.960464e-08
discrepancy: 8.182976e-01
1.268700e+00 1.272677e+00 406


beta: 3.814697e-06
discrepancy: 8.182971e-01
1.272029e+00 1.269353e+00 407


beta: 1.907349e-06
discrepancy: 8.182969e-01
1.269558e+00 1.271827e+00 408


beta: 9.536743e-07
discrepancy: 8.182967e-01
1.271017e+00 1.270370e+00 409


beta: 1.192093e-07
discrepancy: 8.182967e-01
1.270379e+00 1.271008e+00 410


beta: 1.192093e-07
discrepancy: 8.182967e-01
1.271036e+00 1.270351e+00 411


beta: 1.192093e-07
discrepancy: 8.182967e-01
1.270433e+00 1.270954e+00 412


beta: 5.960464e-08
discrepancy: 8.182967e-01
1.271227e+00 1.270160e+00 413


beta: 2.384186e-07
discrepancy: 8.182967e-01
1.270452e+00 1.270936e+00 414


beta: 5.960464e-08
discrepancy: 8.182967e-01
1.271308e+00 1.270080e+00 415


beta: 2.384186e-07
discrepancy: 8.182967e-01
1.270634e+00 1.270754e+00 416


beta: 5.960464e-08
discrepancy: 8.182984e-01
1.274096e+00 1.267292e+00 417


beta: 7.629395e-06
discrepancy: 8.182964e-01
1.270213e+00 1.271187e+00 418


beta: 2.384186e-07
discrepancy: 8.182963e-01
1.271062e+00 1.270338e+00 419


beta: 1.192093e-07
discrepancy: 8.182963e-01
1.270491e+00 1.270909e+00 420


beta: 5.960464e-08
discrepancy: 8.182964e-01
1.271481e+00 1.269919e+00 421


beta: 4.768372e-07
discrepancy: 8.182963e-01
1.270422e+00 1.270979e+00 422


beta: 5.960464e-08
discrepancy: 8.182963e-01
1.271166e+00 1.270235e+00 423


beta: 2.384186e-07
discrepancy: 8.182963e-01
1.270278e+00 1.271124e+00 424


beta: 1.192093e-07
discrepancy: 8.182963e-01
1.270766e+00 1.270635e+00 425


beta: 5.960464e-08
discrepancy: 8.182977e-01
1.267609e+00 1.273793e+00 426


beta: 7.629395e-06
discrepancy: 8.182962e-01
1.271894e+00 1.269519e+00 427


beta: 9.536743e-07
discrepancy: 8.182959e-01
1.270502e+00 1.270912e+00 428


beta: 5.960464e-08
discrepancy: 8.182960e-01
1.271510e+00 1.269905e+00 429


beta: 4.768372e-07
discrepancy: 8.182959e-01
1.270479e+00 1.270936e+00 430


beta: 5.960464e-08
discrepancy: 8.182959e-01
1.271384e+00 1.270032e+00 431


beta: 4.768372e-07
discrepancy: 8.182959e-01
1.270161e+00 1.271255e+00 432


beta: 2.384186e-07
discrepancy: 8.182959e-01
1.270917e+00 1.270500e+00 433


beta: 5.960464e-08
discrepancy: 8.182959e-01
1.269925e+00 1.271492e+00 434


beta: 4.768372e-07
discrepancy: 8.182958e-01
1.270981e+00 1.270436e+00 435


beta: 5.960464e-08
discrepancy: 8.182959e-01
1.270223e+00 1.271195e+00 436


beta: 2.384186e-07
discrepancy: 8.182958e-01
1.271073e+00 1.270345e+00 437


beta: 1.192093e-07
discrepancy: 8.182958e-01
1.270506e+00 1.270913e+00 438


beta: 5.960464e-08
discrepancy: 8.182959e-01
1.271521e+00 1.269897e+00 439


beta: 4.768372e-07
discrepancy: 8.182958e-01
1.270504e+00 1.270915e+00 440


beta: 5.960464e-08
discrepancy: 8.182959e-01
1.271509e+00 1.269910e+00 441


beta: 4.768372e-07
discrepancy: 8.182958e-01
1.270474e+00 1.270945e+00 442


beta: 5.960464e-08
discrepancy: 8.182958e-01
1.271352e+00 1.270068e+00 443


beta: 4.768372e-07
discrepancy: 8.182958e-01
1.270064e+00 1.271356e+00 444


beta: 4.768372e-07
discrepancy: 8.182958e-01
1.271345e+00 1.270077e+00 445


beta: 4.768372e-07
discrepancy: 8.182958e-01
1.270040e+00 1.271382e+00 446


beta: 4.768372e-07
discrepancy: 8.182957e-01
1.271273e+00 1.270150e+00 447


beta: 2.384186e-07
discrepancy: 8.182957e-01
1.270538e+00 1.270886e+00 448


beta: 5.960464e-08
discrepancy: 8.182958e-01
1.271726e+00 1.269697e+00 449


beta: 9.536743e-07
discrepancy: 8.182957e-01
1.270096e+00 1.271329e+00 450


beta: 2.384186e-07
discrepancy: 8.182956e-01
1.270767e+00 1.270658e+00 451


beta: 5.960464e-08
discrepancy: 8.182978e-01
1.266955e+00 1.274470e+00 452


beta: 1.525879e-05
discrepancy: 8.182966e-01
1.274007e+00 1.267440e+00 453


beta: 7.629395e-06
discrepancy: 8.182947e-01
1.269983e+00 1.271475e+00 454


beta: 4.768372e-07
discrepancy: 8.182946e-01
1.271092e+00 1.270367e+00 455


beta: 1.192093e-07
discrepancy: 8.182946e-01
1.270522e+00 1.270938e+00 456


beta: 5.960464e-08
discrepancy: 8.182947e-01
1.271517e+00 1.269943e+00 457


beta: 4.768372e-07
discrepancy: 8.182946e-01
1.270466e+00 1.270994e+00 458


beta: 5.960464e-08
discrepancy: 8.182946e-01
1.271250e+00 1.270210e+00 459


beta: 2.384186e-07
discrepancy: 8.182946e-01
1.270456e+00 1.271005e+00 460


beta: 5.960464e-08
discrepancy: 8.182946e-01
1.271208e+00 1.270253e+00 461


beta: 2.384186e-07
discrepancy: 8.182946e-01
1.270342e+00 1.271120e+00 462


beta: 1.192093e-07
discrepancy: 8.182946e-01
1.270873e+00 1.270589e+00 463


beta: 5.960464e-08
discrepancy: 8.182948e-01
1.269417e+00 1.272045e+00 464


beta: 1.907349e-06
discrepancy: 8.182947e-01
1.271936e+00 1.269528e+00 465


beta: 9.536743e-07
discrepancy: 8.182944e-01
1.270564e+00 1.270902e+00 466


beta: 5.960464e-08
discrepancy: 8.182946e-01
1.271785e+00 1.269681e+00 467


beta: 9.536743e-07
discrepancy: 8.182944e-01
1.270213e+00 1.271254e+00 468


beta: 2.384186e-07
discrepancy: 8.182944e-01
1.271007e+00 1.270460e+00 469


beta: 5.960464e-08
discrepancy: 8.182944e-01
1.270252e+00 1.271216e+00 470


beta: 2.384186e-07
discrepancy: 8.182944e-01
1.271109e+00 1.270359e+00 471


beta: 1.192093e-07
discrepancy: 8.182944e-01
1.270559e+00 1.270910e+00 472


beta: 5.960464e-08
discrepancy: 8.182945e-01
1.271735e+00 1.269733e+00 473


beta: 9.536743e-07
discrepancy: 8.182944e-01
1.270084e+00 1.271386e+00 474


beta: 4.768372e-07
discrepancy: 8.182943e-01
1.271354e+00 1.270117e+00 475


beta: 2.384186e-07
discrepancy: 8.182943e-01
1.270685e+00 1.270786e+00 476


beta: 5.960464e-08
discrepancy: 8.182967e-01
1.274761e+00 1.266711e+00 477


beta: 1.525879e-05
discrepancy: 8.182946e-01
1.268197e+00 1.273296e+00 478


beta: 7.629395e-06
discrepancy: 8.182944e-01
1.273393e+00 1.268112e+00 479


beta: 7.629395e-06
discrepancy: 8.182939e-01
1.268387e+00 1.273129e+00 480


beta: 3.814697e-06
discrepancy: 8.182929e-01
1.271180e+00 1.270341e+00 481


beta: 1.192093e-07
discrepancy: 8.182928e-01
1.270688e+00 1.270834e+00 482


beta: 5.960464e-08
discrepancy: 8.182940e-01
1.273513e+00 1.268008e+00 483


beta: 7.629395e-06
discrepancy: 8.182932e-01
1.268712e+00 1.272821e+00 484


beta: 3.814697e-06
discrepancy: 8.182926e-01
1.271935e+00 1.269603e+00 485


beta: 9.536743e-07
discrepancy: 8.182923e-01
1.270518e+00 1.271022e+00 486


beta: 5.960464e-08
discrepancy: 8.182924e-01
1.271338e+00 1.270202e+00 487


beta: 2.384186e-07
discrepancy: 8.182923e-01
1.270610e+00 1.270931e+00 488


beta: 5.960464e-08
discrepancy: 8.182925e-01
1.271899e+00 1.269641e+00 489


beta: 9.536743e-07
discrepancy: 8.182923e-01
1.270435e+00 1.271107e+00 490


beta: 1.192093e-07
discrepancy: 8.182923e-01
1.271050e+00 1.270492e+00 491


beta: 5.960464e-08
discrepancy: 8.182923e-01
1.270311e+00 1.271232e+00 492


beta: 2.384186e-07
discrepancy: 8.182923e-01
1.271209e+00 1.270334e+00 493


beta: 1.192093e-07
discrepancy: 8.182922e-01
1.270737e+00 1.270806e+00 494


beta: 5.960464e-08
discrepancy: 8.182976e-01
1.276702e+00 1.264841e+00 495


beta: 3.051758e-05
discrepancy: 8.182923e-01
1.267802e+00 1.273786e+00 496


beta: 7.629395e-06
discrepancy: 8.182909e-01
1.272229e+00 1.269370e+00 497


beta: 1.907349e-06
discrepancy: 8.182907e-01
1.269916e+00 1.271685e+00 498


beta: 9.536743e-07
discrepancy: 8.182907e-01
1.271787e+00 1.269816e+00 499


beta: 9.536743e-07
discrepancy: 8.182905e-01
1.270109e+00 1.271495e+00 500


beta: 4.768372e-07
discrepancy: 8.182905e-01
1.271302e+00 1.270303e+00 501


beta: 2.384186e-07
discrepancy: 8.182905e-01
1.270473e+00 1.271132e+00 502


beta: 1.192093e-07
discrepancy: 8.182904e-01
1.271101e+00 1.270504e+00 503


beta: 5.960464e-08
discrepancy: 8.182904e-01
1.270409e+00 1.271196e+00 504


beta: 1.192093e-07
discrepancy: 8.182904e-01
1.270935e+00 1.270671e+00 505


beta: 5.960464e-08
discrepancy: 8.182907e-01
1.269368e+00 1.272238e+00 506


beta: 1.907349e-06
discrepancy: 8.182905e-01
1.271674e+00 1.269934e+00 507


beta: 4.768372e-07
discrepancy: 8.182903e-01
1.270724e+00 1.270885e+00 508


beta: 5.960464e-08
discrepancy: 8.182913e-01
1.273297e+00 1.268313e+00 509


beta: 7.629395e-06
discrepancy: 8.182912e-01
1.267994e+00 1.273627e+00 510


beta: 7.629395e-06
discrepancy: 8.182902e-01
1.272696e+00 1.268935e+00 511


beta: 3.814697e-06
discrepancy: 8.182899e-01
1.269181e+00 1.272456e+00 512


beta: 1.907349e-06
discrepancy: 8.182895e-01
1.271202e+00 1.270438e+00 513


beta: 1.192093e-07
discrepancy: 8.182894e-01
1.270662e+00 1.270978e+00 514


beta: 5.960464e-08
discrepancy: 8.182896e-01
1.271969e+00 1.269671e+00 515


beta: 9.536743e-07
discrepancy: 8.182894e-01
1.270531e+00 1.271111e+00 516


beta: 5.960464e-08
discrepancy: 8.182894e-01
1.271244e+00 1.270398e+00 517


beta: 1.192093e-07
discrepancy: 8.182894e-01
1.270755e+00 1.270887e+00 518


beta: 5.960464e-08
discrepancy: 8.182908e-01
1.273901e+00 1.267741e+00 519


beta: 7.629395e-06
discrepancy: 8.182893e-01
1.269611e+00 1.272043e+00 520


beta: 9.536743e-07
discrepancy: 8.182890e-01
1.270971e+00 1.270684e+00 521


beta: 5.960464e-08
discrepancy: 8.182893e-01
1.269531e+00 1.272124e+00 522


beta: 1.907349e-06
discrepancy: 8.182892e-01
1.272083e+00 1.269575e+00 523


beta: 1.907349e-06
discrepancy: 8.182891e-01
1.269446e+00 1.272214e+00 524


beta: 1.907349e-06
discrepancy: 8.182889e-01
1.271837e+00 1.269826e+00 525


beta: 9.536743e-07
discrepancy: 8.182888e-01
1.270193e+00 1.271472e+00 526


beta: 4.768372e-07
discrepancy: 8.182888e-01
1.271487e+00 1.270179e+00 527


beta: 4.768372e-07
discrepancy: 8.182887e-01
1.270223e+00 1.271443e+00 528


beta: 2.384186e-07
discrepancy: 8.182887e-01
1.270901e+00 1.270765e+00 529


beta: 5.960464e-08
discrepancy: 8.182900e-01
1.267855e+00 1.273811e+00 530


beta: 7.629395e-06
discrepancy: 8.182887e-01
1.272304e+00 1.269374e+00 531


beta: 1.907349e-06
discrepancy: 8.182884e-01
1.270047e+00 1.271634e+00 532


beta: 4.768372e-07
discrepancy: 8.182883e-01
1.271089e+00 1.270592e+00 533


beta: 5.960464e-08
discrepancy: 8.182883e-01
1.270257e+00 1.271425e+00 534


beta: 2.384186e-07
discrepancy: 8.182882e-01
1.270965e+00 1.270717e+00 535


beta: 5.960464e-08
discrepancy: 8.182886e-01
1.269298e+00 1.272384e+00 536


beta: 1.907349e-06
discrepancy: 8.182882e-01
1.271442e+00 1.270243e+00 537


beta: 2.384186e-07
discrepancy: 8.182881e-01
1.270752e+00 1.270933e+00 538


beta: 5.960464e-08
discrepancy: 8.182889e-01
1.273044e+00 1.268641e+00 539


beta: 3.814697e-06
discrepancy: 8.182881e-01
1.270043e+00 1.271648e+00 540


beta: 4.768372e-07
discrepancy: 8.182880e-01
1.271073e+00 1.270618e+00 541


beta: 5.960464e-08
discrepancy: 8.182880e-01
1.270164e+00 1.271527e+00 542


beta: 4.768372e-07
discrepancy: 8.182880e-01
1.271378e+00 1.270314e+00 543


beta: 2.384186e-07
discrepancy: 8.182879e-01
1.270601e+00 1.271091e+00 544


beta: 5.960464e-08
discrepancy: 8.182880e-01
1.271445e+00 1.270247e+00 545


beta: 2.384186e-07
discrepancy: 8.182879e-01
1.270755e+00 1.270938e+00 546


beta: 5.960464e-08
discrepancy: 8.182886e-01
1.273020e+00 1.268673e+00 547


beta: 3.814697e-06
discrepancy: 8.182879e-01
1.269980e+00 1.271719e+00 548


beta: 4.768372e-07
discrepancy: 8.182877e-01
1.270931e+00 1.270769e+00 549


beta: 5.960464e-08
discrepancy: 8.182887e-01
1.268378e+00 1.273322e+00 550


beta: 3.814697e-06
discrepancy: 8.182876e-01
1.271057e+00 1.270649e+00 551


beta: 5.960464e-08
discrepancy: 8.182877e-01
1.270042e+00 1.271663e+00 552


beta: 4.768372e-07
discrepancy: 8.182875e-01
1.271063e+00 1.270643e+00 553


beta: 5.960464e-08
discrepancy: 8.182876e-01
1.270079e+00 1.271628e+00 554


beta: 4.768372e-07
discrepancy: 8.182875e-01
1.271146e+00 1.270561e+00 555


beta: 5.960464e-08
discrepancy: 8.182875e-01
1.270440e+00 1.271267e+00 556


beta: 1.192093e-07
discrepancy: 8.182875e-01
1.270940e+00 1.270768e+00 557


beta: 5.960464e-08
discrepancy: 8.182883e-01
1.268542e+00 1.273166e+00 558


beta: 3.814697e-06
discrepancy: 8.182874e-01
1.271405e+00 1.270308e+00 559


beta: 2.384186e-07
discrepancy: 8.182873e-01
1.270652e+00 1.271061e+00 560


beta: 5.960464e-08
discrepancy: 8.182874e-01
1.271663e+00 1.270051e+00 561


beta: 4.768372e-07
discrepancy: 8.182873e-01
1.270638e+00 1.271076e+00 562


beta: 5.960464e-08
discrepancy: 8.182874e-01
1.271581e+00 1.270133e+00 563


beta: 4.768372e-07
discrepancy: 8.182873e-01
1.270440e+00 1.271276e+00 564


beta: 1.192093e-07
discrepancy: 8.182873e-01
1.270935e+00 1.270781e+00 565


beta: 5.960464e-08
discrepancy: 8.182883e-01
1.268246e+00 1.273470e+00 566


beta: 7.629395e-06
discrepancy: 8.182879e-01
1.273316e+00 1.268411e+00 567


beta: 3.814697e-06
discrepancy: 8.182868e-01
1.270622e+00 1.271111e+00 568


beta: 5.960464e-08
discrepancy: 8.182868e-01
1.271467e+00 1.270266e+00 569


beta: 2.384186e-07
discrepancy: 8.182868e-01
1.270778e+00 1.270955e+00 570


beta: 5.960464e-08
discrepancy: 8.182875e-01
1.273118e+00 1.268616e+00 571


beta: 3.814697e-06
discrepancy: 8.182867e-01
1.270182e+00 1.271557e+00 572


beta: 4.768372e-07
discrepancy: 8.182866e-01
1.271384e+00 1.270355e+00 573


beta: 2.384186e-07
discrepancy: 8.182866e-01
1.270581e+00 1.271159e+00 574


beta: 5.960464e-08
discrepancy: 8.182866e-01
1.271297e+00 1.270443e+00 575


beta: 1.192093e-07
discrepancy: 8.182866e-01
1.270813e+00 1.270927e+00 576


beta: 5.960464e-08
discrepancy: 8.182885e-01
1.274458e+00 1.267282e+00 577


beta: 1.525879e-05
discrepancy: 8.182881e-01
1.267093e+00 1.274669e+00 578


beta: 1.525879e-05
discrepancy: 8.182869e-01
1.274090e+00 1.267694e+00 579


beta: 7.629395e-06
discrepancy: 8.182851e-01
1.269959e+00 1.271837e+00 580


beta: 9.536743e-07
discrepancy: 8.182850e-01
1.271720e+00 1.270077e+00 581


beta: 4.768372e-07
discrepancy: 8.182849e-01
1.270714e+00 1.271084e+00 582


beta: 5.960464e-08
discrepancy: 8.182850e-01
1.271829e+00 1.269969e+00 583


beta: 9.536743e-07
discrepancy: 8.182850e-01
1.270052e+00 1.271747e+00 584


beta: 4.768372e-07
discrepancy: 8.182849e-01
1.271029e+00 1.270771e+00 585


beta: 5.960464e-08
discrepancy: 8.182852e-01
1.269422e+00 1.272379e+00 586


beta: 1.907349e-06
discrepancy: 8.182849e-01
1.271660e+00 1.270143e+00 587


beta: 4.768372e-07
discrepancy: 8.182848e-01
1.270571e+00 1.271233e+00 588


beta: 1.192093e-07
discrepancy: 8.182848e-01
1.271195e+00 1.270609e+00 589


beta: 5.960464e-08
discrepancy: 8.182848e-01
1.270490e+00 1.271314e+00 590


beta: 1.192093e-07
discrepancy: 8.182847e-01
1.270991e+00 1.270813e+00 591


beta: 5.960464e-08
discrepancy: 8.182855e-01
1.268671e+00 1.273134e+00 592


beta: 3.814697e-06
discrepancy: 8.182846e-01
1.271638e+00 1.270172e+00 593


beta: 4.768372e-07
discrepancy: 8.182846e-01
1.270510e+00 1.271301e+00 594


beta: 1.192093e-07
discrepancy: 8.182845e-01
1.271033e+00 1.270778e+00 595


beta: 5.960464e-08
discrepancy: 8.182849e-01
1.269412e+00 1.272399e+00 596


beta: 1.907349e-06
discrepancy: 8.182845e-01
1.271628e+00 1.270186e+00 597


beta: 4.768372e-07
discrepancy: 8.182845e-01
1.270482e+00 1.271332e+00 598


beta: 1.192093e-07
discrepancy: 8.182844e-01
1.270969e+00 1.270846e+00 599


beta: 5.960464e-08
discrepancy: 8.182861e-01
1.267610e+00 1.274205e+00 600


beta: 7.629395e-06
discrepancy: 8.182842e-01
1.271628e+00 1.270198e+00 601


beta: 4.768372e-07
discrepancy: 8.182841e-01
1.270472e+00 1.271355e+00 602


beta: 2.384186e-07
discrepancy: 8.182841e-01
1.271408e+00 1.270419e+00 603


beta: 2.384186e-07
discrepancy: 8.182841e-01
1.270572e+00 1.271256e+00 604


beta: 1.192093e-07
discrepancy: 8.182841e-01
1.271176e+00 1.270651e+00 605


beta: 5.960464e-08
discrepancy: 8.182841e-01
1.270388e+00 1.271440e+00 606


beta: 2.384186e-07
discrepancy: 8.182841e-01
1.271175e+00 1.270653e+00 607


beta: 5.960464e-08
discrepancy: 8.182841e-01
1.270383e+00 1.271445e+00 608


beta: 2.384186e-07
discrepancy: 8.182840e-01
1.271162e+00 1.270667e+00 609


beta: 5.960464e-08
discrepancy: 8.182841e-01
1.270328e+00 1.271501e+00 610


beta: 2.384186e-07
discrepancy: 8.182840e-01
1.271032e+00 1.270797e+00 611


beta: 5.960464e-08
discrepancy: 8.182844e-01
1.269274e+00 1.272555e+00 612


beta: 1.907349e-06
discrepancy: 8.182840e-01
1.271291e+00 1.270541e+00 613


beta: 1.192093e-07
discrepancy: 8.182839e-01
1.270741e+00 1.271092e+00 614


beta: 5.960464e-08
discrepancy: 8.182841e-01
1.271918e+00 1.269915e+00 615


beta: 9.536743e-07
discrepancy: 8.182840e-01
1.270267e+00 1.271567e+00 616


beta: 4.768372e-07
discrepancy: 8.182839e-01
1.271539e+00 1.270296e+00 617


beta: 4.768372e-07
discrepancy: 8.182839e-01
1.270209e+00 1.271627e+00 618


beta: 4.768372e-07
discrepancy: 8.182839e-01
1.271376e+00 1.270460e+00 619


beta: 2.384186e-07
discrepancy: 8.182838e-01
1.270472e+00 1.271364e+00 620


beta: 2.384186e-07
discrepancy: 8.182838e-01
1.271400e+00 1.270437e+00 621


beta: 2.384186e-07
discrepancy: 8.182838e-01
1.270541e+00 1.271296e+00 622


beta: 1.192093e-07
discrepancy: 8.182838e-01
1.271088e+00 1.270749e+00 623


beta: 5.960464e-08
discrepancy: 8.182840e-01
1.269868e+00 1.271969e+00 624


beta: 9.536743e-07
discrepancy: 8.182838e-01
1.271443e+00 1.270396e+00 625


beta: 2.384186e-07
discrepancy: 8.182837e-01
1.270653e+00 1.271186e+00 626


beta: 5.960464e-08
discrepancy: 8.182838e-01
1.271428e+00 1.270411e+00 627


beta: 2.384186e-07
discrepancy: 8.182837e-01
1.270614e+00 1.271225e+00 628


beta: 5.960464e-08
discrepancy: 8.182837e-01
1.271292e+00 1.270548e+00 629


beta: 1.192093e-07
discrepancy: 8.182837e-01
1.270735e+00 1.271105e+00 630


beta: 5.960464e-08
discrepancy: 8.182838e-01
1.271855e+00 1.269985e+00 631


beta: 9.536743e-07
discrepancy: 8.182838e-01
1.270087e+00 1.271755e+00 632


beta: 4.768372e-07
discrepancy: 8.182837e-01
1.271079e+00 1.270763e+00 633


beta: 5.960464e-08
discrepancy: 8.182838e-01
1.269770e+00 1.272072e+00 634


beta: 9.536743e-07
discrepancy: 8.182836e-01
1.271208e+00 1.270636e+00 635


beta: 5.960464e-08
discrepancy: 8.182836e-01
1.270484e+00 1.271360e+00 636


beta: 2.384186e-07
discrepancy: 8.182836e-01
1.271428e+00 1.270416e+00 637


beta: 2.384186e-07
discrepancy: 8.182836e-01
1.270611e+00 1.271233e+00 638


beta: 1.192093e-07
discrepancy: 8.182836e-01
1.271276e+00 1.270569e+00 639


beta: 1.192093e-07
discrepancy: 8.182836e-01
1.270692e+00 1.271153e+00 640


beta: 5.960464e-08
discrepancy: 8.182836e-01
1.271589e+00 1.270256e+00 641


beta: 4.768372e-07
discrepancy: 8.182836e-01
1.270348e+00 1.271498e+00 642


beta: 2.384186e-07
discrepancy: 8.182835e-01
1.271068e+00 1.270778e+00 643


beta: 5.960464e-08
discrepancy: 8.182838e-01
1.269640e+00 1.272207e+00 644


beta: 1.907349e-06
discrepancy: 8.182837e-01
1.272219e+00 1.269631e+00 645


beta: 1.907349e-06
discrepancy: 8.182836e-01
1.269663e+00 1.272189e+00 646


beta: 1.907349e-06
discrepancy: 8.182836e-01
1.272285e+00 1.269570e+00 647


beta: 1.907349e-06
discrepancy: 8.182834e-01
1.269849e+00 1.272008e+00 648


beta: 9.536743e-07
discrepancy: 8.182832e-01
1.271382e+00 1.270477e+00 649


beta: 2.384186e-07
discrepancy: 8.182832e-01
1.270468e+00 1.271391e+00 650


beta: 2.384186e-07
discrepancy: 8.182832e-01
1.271365e+00 1.270495e+00 651


beta: 1.192093e-07
discrepancy: 8.182831e-01
1.270889e+00 1.270971e+00 652


beta: 5.960464e-08
discrepancy: 8.182870e-01
1.275981e+00 1.265879e+00 653


beta: 3.051758e-05
discrepancy: 8.182864e-01
1.265526e+00 1.276379e+00 654


beta: 3.051758e-05
discrepancy: 8.182835e-01
1.275301e+00 1.266648e+00 655


beta: 1.525879e-05
discrepancy: 8.182804e-01
1.269196e+00 1.272776e+00 656


beta: 3.814697e-06
discrepancy: 8.182804e-01
1.272894e+00 1.269083e+00 657


beta: 3.814697e-06
discrepancy: 8.182800e-01
1.269426e+00 1.272557e+00 658


beta: 1.907349e-06
discrepancy: 8.182796e-01
1.271540e+00 1.270445e+00 659


beta: 2.384186e-07
discrepancy: 8.182796e-01
1.270786e+00 1.271200e+00 660


beta: 5.960464e-08
discrepancy: 8.182796e-01
1.271784e+00 1.270201e+00 661


beta: 4.768372e-07
discrepancy: 8.182795e-01
1.270740e+00 1.271246e+00 662


beta: 5.960464e-08
discrepancy: 8.182796e-01
1.271557e+00 1.270430e+00 663


beta: 2.384186e-07
discrepancy: 8.182795e-01
1.270824e+00 1.271163e+00 664


beta: 5.960464e-08
discrepancy: 8.182797e-01
1.272041e+00 1.269946e+00 665


beta: 9.536743e-07
discrepancy: 8.182795e-01
1.270464e+00 1.271525e+00 666


beta: 2.384186e-07
discrepancy: 8.182795e-01
1.271243e+00 1.270746e+00 667


beta: 5.960464e-08
discrepancy: 8.182795e-01
1.270413e+00 1.271576e+00 668


beta: 2.384186e-07
discrepancy: 8.182794e-01
1.271124e+00 1.270866e+00 669


beta: 5.960464e-08
discrepancy: 8.182798e-01
1.269520e+00 1.272470e+00 670


beta: 1.907349e-06
discrepancy: 8.182794e-01
1.271764e+00 1.270228e+00 671


beta: 4.768372e-07
discrepancy: 8.182794e-01
1.270688e+00 1.271305e+00 672


beta: 5.960464e-08
discrepancy: 8.182794e-01
1.271358e+00 1.270635e+00 673


beta: 1.192093e-07
discrepancy: 8.182793e-01
1.270786e+00 1.271207e+00 674


beta: 5.960464e-08
discrepancy: 8.182794e-01
1.271767e+00 1.270227e+00 675


beta: 4.768372e-07
discrepancy: 8.182793e-01
1.270693e+00 1.271301e+00 676


beta: 5.960464e-08
discrepancy: 8.182793e-01
1.271374e+00 1.270621e+00 677


beta: 1.192093e-07
discrepancy: 8.182793e-01
1.270825e+00 1.271170e+00 678


beta: 5.960464e-08
discrepancy: 8.182795e-01
1.272022e+00 1.269973e+00 679


beta: 9.536743e-07
discrepancy: 8.182793e-01
1.270409e+00 1.271587e+00 680


beta: 2.384186e-07
discrepancy: 8.182792e-01
1.271110e+00 1.270886e+00 681


beta: 5.960464e-08
discrepancy: 8.182797e-01
1.269268e+00 1.272729e+00 682


beta: 1.907349e-06
discrepancy: 8.182792e-01
1.271181e+00 1.270818e+00 683


beta: 5.960464e-08
discrepancy: 8.182793e-01
1.270043e+00 1.271957e+00 684


beta: 9.536743e-07
discrepancy: 8.182792e-01
1.271771e+00 1.270230e+00 685


beta: 4.768372e-07
discrepancy: 8.182791e-01
1.270698e+00 1.271304e+00 686


beta: 5.960464e-08
discrepancy: 8.182791e-01
1.271381e+00 1.270621e+00 687


beta: 1.192093e-07
discrepancy: 8.182791e-01
1.270838e+00 1.271164e+00 688


beta: 5.960464e-08
discrepancy: 8.182793e-01
1.272104e+00 1.269899e+00 689


beta: 9.536743e-07
discrepancy: 8.182791e-01
1.270604e+00 1.271399e+00 690


beta: 1.192093e-07
discrepancy: 8.182790e-01
1.271124e+00 1.270880e+00 691


beta: 5.960464e-08
discrepancy: 8.182794e-01
1.269435e+00 1.272569e+00 692


beta: 1.907349e-06
discrepancy: 8.182790e-01
1.271547e+00 1.270460e+00 693


beta: 2.384186e-07
discrepancy: 8.182789e-01
1.270786e+00 1.271221e+00 694


beta: 5.960464e-08
discrepancy: 8.182790e-01
1.271737e+00 1.270270e+00 695


beta: 4.768372e-07
discrepancy: 8.182789e-01
1.270609e+00 1.271399e+00 696


beta: 1.192093e-07
discrepancy: 8.182789e-01
1.271134e+00 1.270875e+00 697


beta: 5.960464e-08
discrepancy: 8.182792e-01
1.269537e+00 1.272471e+00 698


beta: 1.907349e-06
discrepancy: 8.182789e-01
1.271793e+00 1.270218e+00 699


beta: 4.768372e-07
discrepancy: 8.182788e-01
1.270744e+00 1.271268e+00 700


beta: 5.960464e-08
discrepancy: 8.182788e-01
1.271533e+00 1.270479e+00 701


beta: 2.384186e-07
discrepancy: 8.182788e-01
1.270749e+00 1.271263e+00 702


beta: 5.960464e-08
discrepancy: 8.182788e-01
1.271554e+00 1.270459e+00 703


beta: 2.384186e-07
discrepancy: 8.182788e-01
1.270799e+00 1.271214e+00 704


beta: 5.960464e-08
discrepancy: 8.182789e-01
1.271796e+00 1.270217e+00 705


beta: 4.768372e-07
discrepancy: 8.182788e-01
1.270749e+00 1.271264e+00 706


beta: 5.960464e-08
discrepancy: 8.182788e-01
1.271552e+00 1.270462e+00 707


beta: 2.384186e-07
discrepancy: 8.182787e-01
1.270794e+00 1.271221e+00 708


beta: 5.960464e-08
discrepancy: 8.182788e-01
1.271762e+00 1.270252e+00 709


beta: 4.768372e-07
discrepancy: 8.182787e-01
1.270667e+00 1.271348e+00 710


beta: 1.192093e-07
discrepancy: 8.182787e-01
1.271275e+00 1.270740e+00 711


beta: 5.960464e-08
discrepancy: 8.182787e-01
1.270501e+00 1.271514e+00 712


beta: 2.384186e-07
discrepancy: 8.182787e-01
1.271318e+00 1.270698e+00 713


beta: 1.192093e-07
discrepancy: 8.182787e-01
1.270652e+00 1.271364e+00 714


beta: 1.192093e-07
discrepancy: 8.182787e-01
1.271233e+00 1.270783e+00 715


beta: 5.960464e-08
discrepancy: 8.182787e-01
1.270314e+00 1.271702e+00 716


beta: 4.768372e-07
discrepancy: 8.182787e-01
1.271507e+00 1.270510e+00 717


beta: 2.384186e-07
discrepancy: 8.182787e-01
1.270677e+00 1.271341e+00 718


beta: 1.192093e-07
discrepancy: 8.182787e-01
1.271299e+00 1.270718e+00 719


beta: 5.960464e-08
discrepancy: 8.182787e-01
1.270587e+00 1.271430e+00 720


beta: 1.192093e-07
discrepancy: 8.182786e-01
1.271078e+00 1.270940e+00 721


beta: 5.960464e-08
discrepancy: 8.182799e-01
1.268080e+00 1.273938e+00 722


beta: 7.629395e-06
discrepancy: 8.182787e-01
1.272603e+00 1.269426e+00 723


beta: 1.907349e-06
discrepancy: 8.182783e-01
1.270521e+00 1.271511e+00 724


beta: 2.384186e-07
discrepancy: 8.182782e-01
1.271358e+00 1.270675e+00 725


beta: 1.192093e-07
discrepancy: 8.182782e-01
1.270752e+00 1.271280e+00 726


beta: 5.960464e-08
discrepancy: 8.182782e-01
1.271534e+00 1.270498e+00 727


beta: 2.384186e-07
discrepancy: 8.182782e-01
1.270737e+00 1.271296e+00 728


beta: 5.960464e-08
discrepancy: 8.182782e-01
1.271475e+00 1.270558e+00 729


beta: 2.384186e-07
discrepancy: 8.182782e-01
1.270574e+00 1.271460e+00 730


beta: 2.384186e-07
discrepancy: 8.182782e-01
1.271507e+00 1.270527e+00 731


beta: 2.384186e-07
discrepancy: 8.182782e-01
1.270663e+00 1.271371e+00 732


beta: 1.192093e-07
discrepancy: 8.182782e-01
1.271248e+00 1.270786e+00 733


beta: 5.960464e-08
discrepancy: 8.182782e-01
1.270353e+00 1.271681e+00 734


beta: 4.768372e-07
discrepancy: 8.182782e-01
1.271599e+00 1.270436e+00 735


beta: 2.384186e-07
discrepancy: 8.182781e-01
1.270888e+00 1.271147e+00 736


beta: 5.960464e-08
discrepancy: 8.182784e-01
1.272483e+00 1.269553e+00 737


beta: 1.907349e-06
discrepancy: 8.182781e-01
1.270226e+00 1.271813e+00 738


beta: 4.768372e-07
discrepancy: 8.182780e-01
1.271268e+00 1.270771e+00 739


beta: 5.960464e-08
discrepancy: 8.182781e-01
1.270436e+00 1.271603e+00 740


beta: 2.384186e-07
discrepancy: 8.182780e-01
1.271145e+00 1.270895e+00 741


beta: 5.960464e-08
discrepancy: 8.182784e-01
1.269487e+00 1.272553e+00 742


beta: 1.907349e-06
discrepancy: 8.182780e-01
1.271646e+00 1.270397e+00 743


beta: 4.768372e-07
discrepancy: 8.182780e-01
1.270322e+00 1.271722e+00 744


beta: 4.768372e-07
discrepancy: 8.182779e-01
1.271503e+00 1.270541e+00 745


beta: 2.384186e-07
discrepancy: 8.182779e-01
1.270644e+00 1.271400e+00 746


beta: 1.192093e-07
discrepancy: 8.182779e-01
1.271191e+00 1.270854e+00 747


beta: 5.960464e-08
discrepancy: 8.182780e-01
1.269966e+00 1.272079e+00 748


beta: 9.536743e-07
discrepancy: 8.182779e-01
1.271533e+00 1.270513e+00 749


beta: 2.384186e-07
discrepancy: 8.182778e-01
1.270722e+00 1.271325e+00 750


beta: 5.960464e-08
discrepancy: 8.182778e-01
1.271407e+00 1.270640e+00 751


beta: 1.192093e-07
discrepancy: 8.182778e-01
1.270869e+00 1.271178e+00 752


beta: 5.960464e-08
discrepancy: 8.182780e-01
1.272203e+00 1.269844e+00 753


beta: 9.536743e-07
discrepancy: 8.182778e-01
1.270802e+00 1.271247e+00 754


beta: 5.960464e-08
discrepancy: 8.182778e-01
1.271730e+00 1.270319e+00 755


beta: 4.768372e-07
discrepancy: 8.182778e-01
1.270558e+00 1.271491e+00 756


beta: 2.384186e-07
discrepancy: 8.182777e-01
1.271445e+00 1.270605e+00 757


beta: 1.192093e-07
discrepancy: 8.182777e-01
1.270953e+00 1.271097e+00 758


beta: 5.960464e-08
discrepancy: 8.182789e-01
1.273825e+00 1.268225e+00 759


beta: 7.629395e-06
discrepancy: 8.182780e-01
1.269104e+00 1.272957e+00 760


beta: 3.814697e-06
discrepancy: 8.182776e-01
1.272540e+00 1.269527e+00 761


beta: 1.907349e-06
discrepancy: 8.182772e-01
1.270345e+00 1.271724e+00 762


beta: 4.768372e-07
discrepancy: 8.182772e-01
1.271545e+00 1.270525e+00 763


beta: 2.384186e-07
discrepancy: 8.182771e-01
1.270735e+00 1.271335e+00 764


beta: 5.960464e-08
discrepancy: 8.182771e-01
1.271425e+00 1.270646e+00 765


beta: 1.192093e-07
discrepancy: 8.182771e-01
1.270894e+00 1.271177e+00 766


beta: 5.960464e-08
discrepancy: 8.182774e-01
1.272355e+00 1.269716e+00 767


beta: 1.907349e-06
discrepancy: 8.182772e-01
1.269851e+00 1.272223e+00 768


beta: 9.536743e-07
discrepancy: 8.182770e-01
1.271246e+00 1.270829e+00 769


beta: 5.960464e-08
discrepancy: 8.182771e-01
1.270253e+00 1.271822e+00 770


beta: 4.768372e-07
discrepancy: 8.182770e-01
1.271308e+00 1.270768e+00 771


beta: 5.960464e-08
discrepancy: 8.182770e-01
1.270541e+00 1.271535e+00 772


beta: 2.384186e-07
discrepancy: 8.182770e-01
1.271373e+00 1.270704e+00 773


beta: 1.192093e-07
discrepancy: 8.182770e-01
1.270754e+00 1.271322e+00 774


beta: 5.960464e-08
discrepancy: 8.182770e-01
1.271482e+00 1.270594e+00 775


beta: 2.384186e-07
discrepancy: 8.182770e-01
1.270551e+00 1.271526e+00 776


beta: 2.384186e-07
discrepancy: 8.182769e-01
1.271400e+00 1.270678e+00 777


beta: 1.192093e-07
discrepancy: 8.182769e-01
1.270827e+00 1.271250e+00 778


beta: 5.960464e-08
discrepancy: 8.182770e-01
1.271805e+00 1.270273e+00 779


beta: 4.768372e-07
discrepancy: 8.182769e-01
1.270726e+00 1.271353e+00 780


beta: 1.192093e-07
discrepancy: 8.182769e-01
1.271386e+00 1.270693e+00 781


beta: 1.192093e-07
discrepancy: 8.182769e-01
1.270789e+00 1.271290e+00 782


beta: 5.960464e-08
discrepancy: 8.182769e-01
1.271614e+00 1.270465e+00 783


beta: 2.384186e-07
discrepancy: 8.182769e-01
1.270894e+00 1.271186e+00 784


beta: 5.960464e-08
discrepancy: 8.182771e-01
1.272309e+00 1.269771e+00 785


beta: 1.907349e-06
discrepancy: 8.182771e-01
1.269703e+00 1.272380e+00 786


beta: 1.907349e-06
discrepancy: 8.182769e-01
1.272176e+00 1.269909e+00 787


beta: 9.536743e-07
discrepancy: 8.182767e-01
1.270717e+00 1.271370e+00 788


beta: 1.192093e-07
discrepancy: 8.182767e-01
1.271350e+00 1.270736e+00 789


beta: 5.960464e-08
discrepancy: 8.182767e-01
1.270677e+00 1.271410e+00 790


beta: 1.192093e-07
discrepancy: 8.182767e-01
1.271241e+00 1.270846e+00 791


beta: 5.960464e-08
discrepancy: 8.182768e-01
1.270195e+00 1.271892e+00 792


beta: 4.768372e-07
discrepancy: 8.182766e-01
1.271170e+00 1.270918e+00 793


beta: 5.960464e-08
discrepancy: 8.182770e-01
1.269534e+00 1.272554e+00 794


beta: 1.907349e-06
discrepancy: 8.182766e-01
1.271727e+00 1.270364e+00 795


beta: 4.768372e-07
discrepancy: 8.182766e-01
1.270514e+00 1.271578e+00 796


beta: 2.384186e-07
discrepancy: 8.182765e-01
1.271291e+00 1.270801e+00 797


beta: 5.960464e-08
discrepancy: 8.182766e-01
1.270448e+00 1.271644e+00 798


beta: 2.384186e-07
discrepancy: 8.182765e-01
1.271140e+00 1.270953e+00 799


beta: 5.960464e-08
discrepancy: 8.182772e-01
1.268933e+00 1.273160e+00 800


beta: 3.814697e-06
discrepancy: 8.182765e-01
1.272065e+00 1.270033e+00 801


beta: 9.536743e-07
discrepancy: 8.182763e-01
1.270438e+00 1.271662e+00 802


beta: 2.384186e-07
discrepancy: 8.182763e-01
1.271114e+00 1.270987e+00 803


beta: 5.960464e-08
discrepancy: 8.182778e-01
1.267858e+00 1.274242e+00 804


beta: 7.629395e-06
discrepancy: 8.182761e-01
1.272008e+00 1.270103e+00 805


beta: 9.536743e-07
discrepancy: 8.182760e-01
1.270273e+00 1.271840e+00 806


beta: 4.768372e-07
discrepancy: 8.182759e-01
1.271329e+00 1.270784e+00 807


beta: 5.960464e-08
discrepancy: 8.182759e-01
1.270570e+00 1.271543e+00 808


beta: 2.384186e-07
discrepancy: 8.182759e-01
1.271420e+00 1.270694e+00 809


beta: 1.192093e-07
discrepancy: 8.182759e-01
1.270851e+00 1.271263e+00 810


beta: 5.960464e-08
discrepancy: 8.182760e-01
1.271857e+00 1.270258e+00 811


beta: 4.768372e-07
discrepancy: 8.182759e-01
1.270822e+00 1.271293e+00 812


beta: 5.960464e-08
discrepancy: 8.182759e-01
1.271702e+00 1.270413e+00 813


beta: 4.768372e-07
discrepancy: 8.182759e-01
1.270418e+00 1.271697e+00 814


beta: 4.768372e-07
discrepancy: 8.182759e-01
1.271712e+00 1.270404e+00 815


beta: 4.768372e-07
discrepancy: 8.182758e-01
1.270448e+00 1.271670e+00 816


beta: 2.384186e-07
discrepancy: 8.182758e-01
1.271124e+00 1.270993e+00 817


beta: 5.960464e-08
discrepancy: 8.182772e-01
1.267971e+00 1.274147e+00 818


beta: 7.629395e-06
discrepancy: 8.182757e-01
1.272261e+00 1.269868e+00 819


beta: 9.536743e-07
discrepancy: 8.182754e-01
1.270879e+00 1.271251e+00 820


beta: 5.960464e-08
discrepancy: 8.182755e-01
1.271992e+00 1.270139e+00 821


beta: 9.536743e-07
discrepancy: 8.182755e-01
1.270208e+00 1.271924e+00 822


beta: 4.768372e-07
discrepancy: 8.182754e-01
1.271172e+00 1.270961e+00 823


beta: 5.960464e-08
discrepancy: 8.182759e-01
1.269209e+00 1.272924e+00 824


beta: 3.814697e-06
discrepancy: 8.182756e-01
1.272772e+00 1.269366e+00 825


beta: 1.907349e-06
discrepancy: 8.182751e-01
1.270832e+00 1.271310e+00 826


beta: 5.960464e-08
discrepancy: 8.182752e-01
1.271697e+00 1.270444e+00 827


beta: 4.768372e-07
discrepancy: 8.182752e-01
1.270376e+00 1.271766e+00 828


beta: 4.768372e-07
discrepancy: 8.182751e-01
1.271567e+00 1.270575e+00 829


beta: 2.384186e-07
discrepancy: 8.182751e-01
1.270734e+00 1.271409e+00 830


beta: 1.192093e-07
discrepancy: 8.182751e-01
1.271347e+00 1.270797e+00 831


beta: 5.960464e-08
discrepancy: 8.182751e-01
1.270595e+00 1.271549e+00 832


beta: 2.384186e-07
discrepancy: 8.182751e-01
1.271461e+00 1.270682e+00 833


beta: 1.192093e-07
discrepancy: 8.182750e-01
1.270931e+00 1.271213e+00 834


beta: 5.960464e-08
discrepancy: 8.182753e-01
1.272396e+00 1.269748e+00 835


beta: 1.907349e-06
discrepancy: 8.182752e-01
1.269900e+00 1.272247e+00 836


beta: 9.536743e-07
discrepancy: 8.182749e-01
1.271310e+00 1.270838e+00 837


beta: 5.960464e-08
discrepancy: 8.182750e-01
1.270433e+00 1.271715e+00 838


beta: 4.768372e-07
discrepancy: 8.182749e-01
1.271723e+00 1.270426e+00 839


beta: 4.768372e-07
discrepancy: 8.182749e-01
1.270448e+00 1.271702e+00 840


beta: 4.768372e-07
discrepancy: 8.182749e-01
1.271768e+00 1.270383e+00 841


beta: 4.768372e-07
discrepancy: 8.182749e-01
1.270574e+00 1.271577e+00 842


beta: 2.384186e-07
discrepancy: 8.182748e-01
1.271400e+00 1.270752e+00 843


beta: 1.192093e-07
discrepancy: 8.182748e-01
1.270762e+00 1.271390e+00 844


beta: 1.192093e-07
discrepancy: 8.182748e-01
1.271420e+00 1.270732e+00 845


beta: 1.192093e-07
discrepancy: 8.182748e-01
1.270818e+00 1.271334e+00 846


beta: 5.960464e-08
discrepancy: 8.182748e-01
1.271620e+00 1.270532e+00 847


beta: 2.384186e-07
discrepancy: 8.182748e-01
1.270861e+00 1.271292e+00 848


beta: 5.960464e-08
discrepancy: 8.182749e-01
1.271821e+00 1.270331e+00 849


beta: 4.768372e-07
discrepancy: 8.182748e-01
1.270712e+00 1.271442e+00 850


beta: 1.192093e-07
discrepancy: 8.182748e-01
1.271278e+00 1.270875e+00 851


beta: 5.960464e-08
discrepancy: 8.182749e-01
1.270253e+00 1.271901e+00 852


beta: 4.768372e-07
discrepancy: 8.182747e-01
1.271258e+00 1.270897e+00 853


beta: 5.960464e-08
discrepancy: 8.182749e-01
1.270112e+00 1.272043e+00 854


beta: 9.536743e-07
discrepancy: 8.182748e-01
1.271826e+00 1.270330e+00 855


beta: 4.768372e-07
discrepancy: 8.182747e-01
1.270720e+00 1.271437e+00 856


beta: 1.192093e-07
discrepancy: 8.182747e-01
1.271297e+00 1.270860e+00 857


beta: 5.960464e-08
discrepancy: 8.182747e-01
1.270352e+00 1.271805e+00 858


beta: 4.768372e-07
discrepancy: 8.182747e-01
1.271492e+00 1.270666e+00 859


beta: 1.192093e-07
discrepancy: 8.182746e-01
1.270991e+00 1.271167e+00 860


beta: 5.960464e-08
discrepancy: 8.182754e-01
1.273345e+00 1.268813e+00 861


beta: 3.814697e-06
discrepancy: 8.182745e-01
1.270427e+00 1.271736e+00 862


beta: 4.768372e-07
discrepancy: 8.182745e-01
1.271691e+00 1.270474e+00 863


beta: 2.384186e-07
discrepancy: 8.182744e-01
1.271012e+00 1.271153e+00 864


beta: 5.960464e-08
discrepancy: 8.182757e-01
1.273931e+00 1.268234e+00 865


beta: 7.629395e-06
discrepancy: 8.182746e-01
1.269292e+00 1.272884e+00 866


beta: 3.814697e-06
discrepancy: 8.182745e-01
1.272977e+00 1.269204e+00 867


beta: 3.814697e-06
discrepancy: 8.182742e-01
1.269473e+00 1.272714e+00 868


beta: 1.907349e-06
discrepancy: 8.182737e-01
1.271516e+00 1.270674e+00 869


beta: 1.192093e-07
discrepancy: 8.182737e-01
1.271024e+00 1.271166e+00 870


beta: 5.960464e-08
discrepancy: 8.182749e-01
1.273940e+00 1.268251e+00 871


beta: 7.629395e-06
discrepancy: 8.182739e-01
1.269293e+00 1.272908e+00 872


beta: 3.814697e-06
discrepancy: 8.182738e-01
1.272956e+00 1.269251e+00 873


beta: 3.814697e-06
discrepancy: 8.182735e-01
1.269388e+00 1.272825e+00 874


beta: 1.907349e-06
discrepancy: 8.182730e-01
1.271314e+00 1.270901e+00 875


beta: 5.960464e-08
discrepancy: 8.182731e-01
1.270314e+00 1.271902e+00 876


beta: 4.768372e-07
discrepancy: 8.182730e-01
1.271355e+00 1.270861e+00 877


beta: 5.960464e-08
discrepancy: 8.182730e-01
1.270520e+00 1.271696e+00 878


beta: 2.384186e-07
discrepancy: 8.182730e-01
1.271223e+00 1.270994e+00 879


beta: 5.960464e-08
discrepancy: 8.182734e-01
1.269420e+00 1.272797e+00 880


beta: 1.907349e-06
discrepancy: 8.182729e-01
1.271381e+00 1.270839e+00 881


beta: 5.960464e-08
discrepancy: 8.182729e-01
1.270617e+00 1.271603e+00 882


beta: 2.384186e-07
discrepancy: 8.182729e-01
1.271457e+00 1.270763e+00 883


beta: 1.192093e-07
discrepancy: 8.182729e-01
1.270861e+00 1.271360e+00 884


beta: 5.960464e-08
discrepancy: 8.182729e-01
1.271689e+00 1.270531e+00 885


beta: 2.384186e-07
discrepancy: 8.182728e-01
1.270976e+00 1.271245e+00 886


beta: 5.960464e-08
discrepancy: 8.182731e-01
1.272510e+00 1.269711e+00 887


beta: 1.907349e-06
discrepancy: 8.182729e-01
1.270147e+00 1.272077e+00 888


beta: 9.536743e-07
discrepancy: 8.182728e-01
1.271861e+00 1.270365e+00 889


beta: 4.768372e-07
discrepancy: 8.182727e-01
1.270755e+00 1.271471e+00 890


beta: 1.192093e-07
discrepancy: 8.182727e-01
1.271333e+00 1.270893e+00 891


beta: 5.960464e-08
discrepancy: 8.182728e-01
1.270394e+00 1.271833e+00 892


beta: 4.768372e-07
discrepancy: 8.182727e-01
1.271544e+00 1.270683e+00 893


beta: 1.192093e-07
discrepancy: 8.182727e-01
1.271063e+00 1.271164e+00 894


beta: 5.960464e-08
discrepancy: 8.182752e-01
1.275158e+00 1.267069e+00 895


beta: 1.525879e-05
discrepancy: 8.182730e-01
1.268625e+00 1.273624e+00 896


beta: 7.629395e-06
discrepancy: 8.182729e-01
1.273925e+00 1.268336e+00 897


beta: 7.629395e-06
discrepancy: 8.182720e-01
1.269195e+00 1.273077e+00 898


beta: 3.814697e-06
discrepancy: 8.182716e-01
1.272607e+00 1.269670e+00 899


beta: 1.907349e-06
discrepancy: 8.182712e-01
1.270355e+00 1.271925e+00 900


beta: 4.768372e-07
discrepancy: 8.182711e-01
1.271409e+00 1.270871e+00 901


beta: 5.960464e-08
discrepancy: 8.182712e-01
1.270641e+00 1.271640e+00 902


beta: 2.384186e-07
discrepancy: 8.182711e-01
1.271468e+00 1.270814e+00 903


beta: 1.192093e-07
discrepancy: 8.182711e-01
1.270836e+00 1.271446e+00 904


beta: 5.960464e-08
discrepancy: 8.182711e-01
1.271514e+00 1.270768e+00 905


beta: 1.192093e-07
discrepancy: 8.182711e-01
1.270960e+00 1.271321e+00 906


beta: 5.960464e-08
discrepancy: 8.182712e-01
1.272106e+00 1.270176e+00 907


beta: 9.536743e-07
discrepancy: 8.182711e-01
1.270392e+00 1.271891e+00 908


beta: 4.768372e-07
discrepancy: 8.182711e-01
1.271495e+00 1.270789e+00 909


beta: 1.192093e-07
discrepancy: 8.182710e-01
1.270910e+00 1.271374e+00 910


beta: 5.960464e-08
discrepancy: 8.182711e-01
1.271801e+00 1.270484e+00 911


beta: 4.768372e-07
discrepancy: 8.182711e-01
1.270545e+00 1.271740e+00 912


beta: 2.384186e-07
discrepancy: 8.182710e-01
1.271238e+00 1.271047e+00 913


beta: 5.960464e-08
discrepancy: 8.182716e-01
1.269069e+00 1.273217e+00 914


beta: 3.814697e-06
discrepancy: 8.182710e-01
1.272261e+00 1.270030e+00 915


beta: 9.536743e-07
discrepancy: 8.182708e-01
1.270780e+00 1.271513e+00 916


beta: 1.192093e-07
discrepancy: 8.182708e-01
1.271344e+00 1.270949e+00 917


beta: 5.960464e-08
discrepancy: 8.182709e-01
1.270297e+00 1.271996e+00 918


beta: 4.768372e-07
discrepancy: 8.182708e-01
1.271271e+00 1.271022e+00 919


beta: 5.960464e-08
discrepancy: 8.182711e-01
1.269613e+00 1.272681e+00 920


beta: 1.907349e-06
discrepancy: 8.182707e-01
1.271770e+00 1.270526e+00 921


beta: 4.768372e-07
discrepancy: 8.182707e-01
1.270441e+00 1.271856e+00 922


beta: 4.768372e-07
discrepancy: 8.182707e-01
1.271611e+00 1.270687e+00 923


beta: 2.384186e-07
discrepancy: 8.182707e-01
1.270716e+00 1.271582e+00 924


beta: 1.192093e-07
discrepancy: 8.182706e-01
1.271193e+00 1.271105e+00 925


beta: 5.960464e-08
discrepancy: 8.182739e-01
1.266501e+00 1.275798e+00 926


beta: 1.525879e-05
discrepancy: 8.182702e-01
1.272206e+00 1.270115e+00 927


beta: 9.536743e-07
discrepancy: 8.182700e-01
1.270624e+00 1.271698e+00 928


beta: 2.384186e-07
discrepancy: 8.182699e-01
1.271394e+00 1.270928e+00 929


beta: 5.960464e-08
discrepancy: 8.182700e-01
1.270507e+00 1.271815e+00 930


beta: 4.768372e-07
discrepancy: 8.182700e-01
1.271772e+00 1.270551e+00 931


beta: 2.384186e-07
discrepancy: 8.182699e-01
1.271095e+00 1.271229e+00 932


beta: 5.960464e-08
discrepancy: 8.182713e-01
1.274184e+00 1.268140e+00 933


beta: 7.629395e-06
discrepancy: 8.182699e-01
1.269810e+00 1.272525e+00 934


beta: 1.907349e-06
discrepancy: 8.182697e-01
1.272249e+00 1.270089e+00 935


beta: 9.536743e-07
discrepancy: 8.182695e-01
1.270719e+00 1.271620e+00 936


beta: 2.384186e-07
discrepancy: 8.182695e-01
1.271637e+00 1.270703e+00 937


beta: 2.384186e-07
discrepancy: 8.182695e-01
1.270752e+00 1.271588e+00 938


beta: 1.192093e-07
discrepancy: 8.182694e-01
1.271248e+00 1.271093e+00 939


beta: 5.960464e-08
discrepancy: 8.182705e-01
1.268583e+00 1.273757e+00 940


beta: 7.629395e-06
discrepancy: 8.182701e-01
1.273704e+00 1.268648e+00 941


beta: 7.629395e-06
discrepancy: 8.182699e-01
1.268474e+00 1.273888e+00 942


beta: 7.629395e-06
discrepancy: 8.182692e-01
1.273368e+00 1.269006e+00 943


beta: 3.814697e-06
discrepancy: 8.182684e-01
1.270338e+00 1.272042e+00 944


beta: 4.768372e-07
discrepancy: 8.182683e-01
1.271309e+00 1.271071e+00 945


beta: 5.960464e-08
discrepancy: 8.182687e-01
1.269566e+00 1.272815e+00 946


beta: 1.907349e-06
discrepancy: 8.182682e-01
1.271603e+00 1.270780e+00 947


beta: 1.192093e-07
discrepancy: 8.182682e-01
1.271101e+00 1.271282e+00 948


beta: 5.960464e-08
discrepancy: 8.182689e-01
1.273386e+00 1.268997e+00 949


beta: 3.814697e-06
discrepancy: 8.182682e-01
1.270373e+00 1.272016e+00 950


beta: 4.768372e-07
discrepancy: 8.182680e-01
1.271381e+00 1.271009e+00 951


beta: 5.960464e-08
discrepancy: 8.182682e-01
1.270268e+00 1.272121e+00 952


beta: 9.536743e-07
discrepancy: 8.182681e-01
1.272055e+00 1.270337e+00 953


beta: 4.768372e-07
discrepancy: 8.182680e-01
1.271092e+00 1.271300e+00 954


beta: 5.960464e-08
discrepancy: 8.182685e-01
1.273086e+00 1.269306e+00 955


beta: 3.814697e-06
discrepancy: 8.182682e-01
1.269588e+00 1.272809e+00 956


beta: 1.907349e-06
discrepancy: 8.182678e-01
1.271644e+00 1.270756e+00 957


beta: 2.384186e-07
discrepancy: 8.182677e-01
1.270713e+00 1.271688e+00 958


beta: 2.384186e-07
discrepancy: 8.182677e-01
1.271561e+00 1.270840e+00 959


beta: 1.192093e-07
discrepancy: 8.182677e-01
1.270988e+00 1.271413e+00 960


beta: 5.960464e-08
discrepancy: 8.182678e-01
1.271959e+00 1.270442e+00 961


beta: 4.768372e-07
discrepancy: 8.182677e-01
1.270869e+00 1.271533e+00 962


beta: 1.192093e-07
discrepancy: 8.182677e-01
1.271492e+00 1.270910e+00 963


beta: 5.960464e-08
discrepancy: 8.182677e-01
1.270782e+00 1.271620e+00 964


beta: 1.192093e-07
discrepancy: 8.182677e-01
1.271276e+00 1.271127e+00 965


beta: 5.960464e-08
discrepancy: 8.182688e-01
1.268508e+00 1.273895e+00 966


beta: 7.629395e-06
discrepancy: 8.182681e-01
1.273426e+00 1.268988e+00 967


beta: 3.814697e-06
discrepancy: 8.182673e-01
1.270447e+00 1.271972e+00 968


beta: 4.768372e-07
discrepancy: 8.182672e-01
1.271532e+00 1.270888e+00 969


beta: 1.192093e-07
discrepancy: 8.182672e-01
1.270890e+00 1.271530e+00 970


beta: 1.192093e-07
discrepancy: 8.182672e-01
1.271536e+00 1.270885e+00 971


beta: 1.192093e-07
discrepancy: 8.182672e-01
1.270901e+00 1.271520e+00 972


beta: 1.192093e-07
discrepancy: 8.182672e-01
1.271568e+00 1.270853e+00 973


beta: 1.192093e-07
discrepancy: 8.182671e-01
1.270990e+00 1.271431e+00 974


beta: 5.960464e-08
discrepancy: 8.182672e-01
1.271928e+00 1.270493e+00 975


beta: 4.768372e-07
discrepancy: 8.182671e-01
1.270776e+00 1.271646e+00 976


beta: 1.192093e-07
discrepancy: 8.182671e-01
1.271251e+00 1.271171e+00 977


beta: 5.960464e-08
discrepancy: 8.182712e-01
1.266050e+00 1.276372e+00 978


beta: 3.051758e-05
discrepancy: 8.182698e-01
1.276328e+00 1.266139e+00 979


beta: 3.051758e-05
discrepancy: 8.182689e-01
1.265960e+00 1.276551e+00 980


beta: 3.051758e-05
discrepancy: 8.182667e-01
1.275978e+00 1.266578e+00 981


beta: 1.525879e-05
discrepancy: 8.182628e-01
1.270358e+00 1.272220e+00 982


beta: 9.536743e-07
discrepancy: 8.182627e-01
1.272136e+00 1.270444e+00 983


beta: 4.768372e-07
discrepancy: 8.182626e-01
1.271159e+00 1.271422e+00 984


beta: 5.960464e-08
discrepancy: 8.182629e-01
1.272731e+00 1.269849e+00 985


beta: 1.907349e-06
discrepancy: 8.182626e-01
1.270436e+00 1.272147e+00 986


beta: 4.768372e-07
discrepancy: 8.182625e-01
1.271404e+00 1.271180e+00 987


beta: 5.960464e-08
discrepancy: 8.182630e-01
1.269557e+00 1.273027e+00 988


beta: 1.907349e-06
discrepancy: 8.182624e-01
1.271466e+00 1.271121e+00 989


beta: 5.960464e-08
discrepancy: 8.182626e-01
1.270266e+00 1.272320e+00 990


beta: 9.536743e-07
discrepancy: 8.182624e-01
1.271878e+00 1.270710e+00 991


beta: 2.384186e-07
discrepancy: 8.182624e-01
1.271169e+00 1.271419e+00 992


beta: 5.960464e-08
discrepancy: 8.182627e-01
1.272826e+00 1.269763e+00 993


beta: 1.907349e-06
discrepancy: 8.182623e-01
1.270667e+00 1.271925e+00 994


beta: 4.768372e-07
discrepancy: 8.182623e-01
1.271982e+00 1.270610e+00 995


beta: 4.768372e-07
discrepancy: 8.182623e-01
1.270777e+00 1.271816e+00 996


beta: 2.384186e-07
discrepancy: 8.182622e-01
1.271573e+00 1.271020e+00 997


beta: 5.960464e-08
discrepancy: 8.182623e-01
1.270824e+00 1.271769e+00 998


beta: 2.384186e-07
discrepancy: 8.182622e-01
1.271699e+00 1.270894e+00 999


beta: 1.192093e-07
discrepancy: 8.182622e-01
1.271186e+00 1.271408e+00 1000