beta: 2.500000e-01
discrepancy: 9.895285e-01
1.750000e+00 7.500000e-01 1


beta: 2.500000e-01
discrepancy: 9.512875e-01
1.312500e+00 1.562500e+00 2


beta: 1.250000e-01
discrepancy: 9.479346e-01
1.148438e+00 1.367188e+00 3


beta: 1.250000e-01
discrepancy: 9.471654e-01
1.504883e+00 1.196289e+00 4


beta: 6.250000e-02
discrepancy: 9.446498e-01
1.410828e+00 1.371521e+00 5


beta: 6.250000e-02
discrepancy: 9.433182e-01
1.322651e+00 1.285801e+00 6


beta: 3.125000e-02
discrepancy: 9.431902e-01
1.281318e+00 1.370620e+00 7


beta: 3.125000e-02
discrepancy: 9.429740e-01
1.366277e+00 1.327788e+00 8


beta: 1.562500e-02
discrepancy: 9.429011e-01
1.344929e+00 1.307041e+00 9


beta: 1.562500e-02
discrepancy: 9.428425e-01
1.323914e+00 1.349119e+00 10


beta: 3.906250e-03
discrepancy: 9.428307e-01
1.334368e+00 1.343849e+00 11


beta: 7.812500e-03
discrepancy: 9.428246e-01
1.323943e+00 1.333350e+00 12


beta: 3.906250e-03
discrepancy: 9.428130e-01
1.334396e+00 1.328141e+00 13


beta: 1.953125e-03
discrepancy: 9.428095e-01
1.331790e+00 1.333360e+00 14


beta: 9.765625e-04
discrepancy: 9.428093e-01
1.334396e+00 1.332058e+00 15


beta: 4.882812e-04
discrepancy: 9.428091e-01
1.333744e+00 1.333360e+00 16


beta: 2.441406e-04
discrepancy: 9.428091e-01
1.333419e+00 1.333035e+00 17


beta: 1.220703e-04
discrepancy: 9.428090e-01
1.333256e+00 1.333360e+00 18


beta: 3.051758e-05
discrepancy: 9.428090e-01
1.333337e+00 1.333320e+00 19


beta: 7.629395e-06
discrepancy: 9.428090e-01
1.333327e+00 1.333340e+00 20


beta: 3.814697e-06
discrepancy: 9.428090e-01
1.333337e+00 1.333335e+00 21


beta: 3.814697e-06
discrepancy: 9.428090e-01
1.333332e+00 1.333330e+00 22


beta: 1.907349e-06
discrepancy: 9.428090e-01
1.333330e+00 1.333335e+00 23


beta: 1.907349e-06
discrepancy: 9.428090e-01
1.333335e+00 1.333333e+00 24


beta: 4.768372e-07
discrepancy: 9.428090e-01
1.333334e+00 1.333334e+00 25


beta: 4.768372e-07
discrepancy: 9.428090e-01
1.333333e+00 1.333333e+00 26


beta: 1.192093e-07
discrepancy: 9.428090e-01
1.333333e+00 1.333333e+00 27


beta: 5.960464e-08
discrepancy: 9.428090e-01
1.333334e+00 1.333333e+00 28


beta: 1.192093e-07
discrepancy: 9.428090e-01
1.333333e+00 1.333333e+00 29


beta: 1.192093e-07
discrepancy: 9.428090e-01
1.333333e+00 1.333333e+00 30


beta: 5.960464e-08
discrepancy: 9.428090e-01
1.333334e+00 1.333333e+00 31


beta: 1.192093e-07
discrepancy: 9.428090e-01
1.333333e+00 1.333333e+00 32


beta: 1.192093e-07
discrepancy: 9.428090e-01
1.333333e+00 1.333333e+00 33


beta: 5.960464e-08
discrepancy: 9.428090e-01
1.333334e+00 1.333333e+00 34


beta: 1.192093e-07
discrepancy: 9.428090e-01
1.333333e+00 1.333333e+00 35


beta: 1.192093e-07
discrepancy: 9.428090e-01
1.333333e+00 1.333333e+00 36


beta: 5.960464e-08
discrepancy: 9.428090e-01
1.333334e+00 1.333333e+00 37


beta: 1.192093e-07
discrepancy: 9.428090e-01
1.333333e+00 1.333333e+00 38


beta: 1.192093e-07
discrepancy: 9.428090e-01
1.333333e+00 1.333333e+00 39


beta: 5.960464e-08
discrepancy: 9.428090e-01
1.333334e+00 1.333333e+00 40


beta: 1.192093e-07
discrepancy: 9.428090e-01
1.333333e+00 1.333333e+00 41


beta: 1.192093e-07
discrepancy: 9.428090e-01
1.333333e+00 1.333333e+00 42


beta: 5.960464e-08
discrepancy: 9.428090e-01
1.333334e+00 1.333333e+00 43


beta: 1.192093e-07
discrepancy: 9.428090e-01
1.333333e+00 1.333333e+00 44


beta: 1.192093e-07
discrepancy: 9.428090e-01
1.333333e+00 1.333333e+00 45


beta: 5.960464e-08
discrepancy: 9.428090e-01
1.333334e+00 1.333333e+00 46


beta: 1.192093e-07
discrepancy: 9.428090e-01
1.333333e+00 1.333333e+00 47


beta: 1.192093e-07
discrepancy: 9.428090e-01
1.333333e+00 1.333333e+00 48


beta: 5.960464e-08
discrepancy: 9.428090e-01
1.333334e+00 1.333333e+00 49


beta: 1.192093e-07
discrepancy: 9.428090e-01
1.333333e+00 1.333333e+00 50


beta: 1.192093e-07
discrepancy: 9.428090e-01
1.333333e+00 1.333333e+00 51


beta: 5.960464e-08
discrepancy: 9.428090e-01
1.333334e+00 1.333333e+00 52


beta: 1.192093e-07
discrepancy: 9.428090e-01
1.333333e+00 1.333333e+00 53


beta: 1.192093e-07
discrepancy: 9.428090e-01
1.333333e+00 1.333333e+00 54


beta: 5.960464e-08
discrepancy: 9.428090e-01
1.333334e+00 1.333333e+00 55


beta: 1.192093e-07
discrepancy: 9.428090e-01
1.333333e+00 1.333333e+00 56


beta: 1.192093e-07
discrepancy: 9.428090e-01
1.333333e+00 1.333333e+00 57


beta: 5.960464e-08
discrepancy: 9.428090e-01
1.333334e+00 1.333333e+00 58


beta: 1.192093e-07
discrepancy: 9.428090e-01
1.333333e+00 1.333333e+00 59


beta: 1.192093e-07
discrepancy: 9.428090e-01
1.333333e+00 1.333333e+00 60


beta: 5.960464e-08
discrepancy: 9.428090e-01
1.333334e+00 1.333333e+00 61


beta: 1.192093e-07
discrepancy: 9.428090e-01
1.333333e+00 1.333333e+00 62


beta: 1.192093e-07
discrepancy: 9.428090e-01
1.333333e+00 1.333333e+00 63


beta: 5.960464e-08
discrepancy: 9.428090e-01
1.333334e+00 1.333333e+00 64


beta: 1.192093e-07
discrepancy: 9.428090e-01
1.333333e+00 1.333333e+00 65


beta: 1.192093e-07
discrepancy: 9.428090e-01
1.333333e+00 1.333333e+00 66


beta: 5.960464e-08
discrepancy: 9.428090e-01
1.333334e+00 1.333333e+00 67


beta: 1.192093e-07
discrepancy: 9.428090e-01
1.333333e+00 1.333333e+00 68


beta: 1.192093e-07
discrepancy: 9.428090e-01
1.333333e+00 1.333333e+00 69


beta: 5.960464e-08
discrepancy: 9.428090e-01
1.333334e+00 1.333333e+00 70


beta: 1.192093e-07
discrepancy: 9.428090e-01
1.333333e+00 1.333333e+00 71


beta: 1.192093e-07
discrepancy: 9.428090e-01
1.333333e+00 1.333333e+00 72


beta: 5.960464e-08
discrepancy: 9.428090e-01
1.333334e+00 1.333333e+00 73


beta: 1.192093e-07
discrepancy: 9.428090e-01
1.333333e+00 1.333333e+00 74


beta: 1.192093e-07
discrepancy: 9.428090e-01
1.333333e+00 1.333333e+00 75


beta: 5.960464e-08
discrepancy: 9.428090e-01
1.333334e+00 1.333333e+00 76


beta: 1.192093e-07
discrepancy: 9.428090e-01
1.333333e+00 1.333333e+00 77


beta: 1.192093e-07
discrepancy: 9.428090e-01
1.333333e+00 1.333333e+00 78


beta: 5.960464e-08
discrepancy: 9.428090e-01
1.333334e+00 1.333333e+00 79


beta: 1.192093e-07
discrepancy: 9.428090e-01
1.333333e+00 1.333333e+00 80


beta: 1.192093e-07
discrepancy: 9.428090e-01
1.333333e+00 1.333333e+00 81


beta: 5.960464e-08
discrepancy: 9.428090e-01
1.333334e+00 1.333333e+00 82


beta: 1.192093e-07
discrepancy: 9.428090e-01
1.333333e+00 1.333333e+00 83


beta: 1.192093e-07
discrepancy: 9.428090e-01
1.333333e+00 1.333333e+00 84


beta: 5.960464e-08
discrepancy: 9.428090e-01
1.333334e+00 1.333333e+00 85


beta: 1.192093e-07
discrepancy: 9.428090e-01
1.333333e+00 1.333333e+00 86


beta: 1.192093e-07
discrepancy: 9.428090e-01
1.333333e+00 1.333333e+00 87


beta: 5.960464e-08
discrepancy: 9.428090e-01
1.333334e+00 1.333333e+00 88


beta: 1.192093e-07
discrepancy: 9.428090e-01
1.333333e+00 1.333333e+00 89


beta: 1.192093e-07
discrepancy: 9.428090e-01
1.333333e+00 1.333333e+00 90


beta: 5.960464e-08
discrepancy: 9.428090e-01
1.333334e+00 1.333333e+00 91


beta: 1.192093e-07
discrepancy: 9.428090e-01
1.333333e+00 1.333333e+00 92


beta: 1.192093e-07
discrepancy: 9.428090e-01
1.333333e+00 1.333333e+00 93


beta: 5.960464e-08
discrepancy: 9.428090e-01
1.333334e+00 1.333333e+00 94


beta: 1.192093e-07
discrepancy: 9.428090e-01
1.333333e+00 1.333333e+00 95


beta: 1.192093e-07
discrepancy: 9.428090e-01
1.333333e+00 1.333333e+00 96


beta: 5.960464e-08
discrepancy: 9.428090e-01
1.333334e+00 1.333333e+00 97


beta: 1.192093e-07
discrepancy: 9.428090e-01
1.333333e+00 1.333333e+00 98


beta: 1.192093e-07
discrepancy: 9.428090e-01
1.333333e+00 1.333333e+00 99


beta: 5.960464e-08
discrepancy: 9.428090e-01
1.333334e+00 1.333333e+00 100


beta: 1.192093e-07
discrepancy: 9.428090e-01
1.333333e+00 1.333333e+00 101


beta: 1.192093e-07
discrepancy: 9.428090e-01
1.333333e+00 1.333333e+00 102


beta: 5.960464e-08
discrepancy: 9.428090e-01
1.333334e+00 1.333333e+00 103


beta: 1.192093e-07
discrepancy: 9.428090e-01
1.333333e+00 1.333333e+00 104


beta: 1.192093e-07
discrepancy: 9.428090e-01
1.333333e+00 1.333333e+00 105


beta: 5.960464e-08
discrepancy: 9.428090e-01
1.333334e+00 1.333333e+00 106


beta: 1.192093e-07
discrepancy: 9.428090e-01
1.333333e+00 1.333333e+00 107


beta: 1.192093e-07
discrepancy: 9.428090e-01
1.333333e+00 1.333333e+00 108


beta: 5.960464e-08
discrepancy: 9.428090e-01
1.333334e+00 1.333333e+00 109


beta: 1.192093e-07
discrepancy: 9.428090e-01
1.333333e+00 1.333333e+00 110


beta: 1.192093e-07
discrepancy: 9.428090e-01
1.333333e+00 1.333333e+00 111


beta: 5.960464e-08
discrepancy: 9.428090e-01
1.333334e+00 1.333333e+00 112


beta: 1.192093e-07
discrepancy: 9.428090e-01
1.333333e+00 1.333333e+00 113


beta: 1.192093e-07
discrepancy: 9.428090e-01
1.333333e+00 1.333333e+00 114


beta: 5.960464e-08
discrepancy: 9.428090e-01
1.333334e+00 1.333333e+00 115


beta: 1.192093e-07
discrepancy: 9.428090e-01
1.333333e+00 1.333333e+00 116


beta: 1.192093e-07
discrepancy: 9.428090e-01
1.333333e+00 1.333333e+00 117


beta: 5.960464e-08
discrepancy: 9.428090e-01
1.333334e+00 1.333333e+00 118


beta: 1.192093e-07
discrepancy: 9.428090e-01
1.333333e+00 1.333333e+00 119


beta: 1.192093e-07
discrepancy: 9.428090e-01
1.333333e+00 1.333333e+00 120


beta: 5.960464e-08
discrepancy: 9.428090e-01
1.333334e+00 1.333333e+00 121


beta: 1.192093e-07
discrepancy: 9.428090e-01
1.333333e+00 1.333333e+00 122


beta: 1.192093e-07
discrepancy: 9.428090e-01
1.333333e+00 1.333333e+00 123


beta: 5.960464e-08
discrepancy: 9.428090e-01
1.333334e+00 1.333333e+00 124


beta: 1.192093e-07
discrepancy: 9.428090e-01
1.333333e+00 1.333333e+00 125


beta: 1.192093e-07
discrepancy: 9.428090e-01
1.333333e+00 1.333333e+00 126


beta: 5.960464e-08
discrepancy: 9.428090e-01
1.333334e+00 1.333333e+00 127


beta: 1.192093e-07
discrepancy: 9.428090e-01
1.333333e+00 1.333333e+00 128


beta: 1.192093e-07
discrepancy: 9.428090e-01
1.333333e+00 1.333333e+00 129


beta: 5.960464e-08
discrepancy: 9.428090e-01
1.333334e+00 1.333333e+00 130


beta: 1.192093e-07
discrepancy: 9.428090e-01
1.333333e+00 1.333333e+00 131


beta: 1.192093e-07
discrepancy: 9.428090e-01
1.333333e+00 1.333333e+00 132


beta: 5.960464e-08
discrepancy: 9.428090e-01
1.333334e+00 1.333333e+00 133


beta: 1.192093e-07
discrepancy: 9.428090e-01
1.333333e+00 1.333333e+00 134


beta: 1.192093e-07
discrepancy: 9.428090e-01
1.333333e+00 1.333333e+00 135


beta: 5.960464e-08
discrepancy: 9.428090e-01
1.333334e+00 1.333333e+00 136


beta: 1.192093e-07
discrepancy: 9.428090e-01
1.333333e+00 1.333333e+00 137


beta: 1.192093e-07
discrepancy: 9.428090e-01
1.333333e+00 1.333333e+00 138


beta: 5.960464e-08
discrepancy: 9.428090e-01
1.333334e+00 1.333333e+00 139


beta: 1.192093e-07
discrepancy: 9.428090e-01
1.333333e+00 1.333333e+00 140


beta: 1.192093e-07
discrepancy: 9.428090e-01
1.333333e+00 1.333333e+00 141


beta: 5.960464e-08
discrepancy: 9.428090e-01
1.333334e+00 1.333333e+00 142


beta: 1.192093e-07
discrepancy: 9.428090e-01
1.333333e+00 1.333333e+00 143


beta: 1.192093e-07
discrepancy: 9.428090e-01
1.333333e+00 1.333333e+00 144


beta: 5.960464e-08
discrepancy: 9.428090e-01
1.333334e+00 1.333333e+00 145


beta: 1.192093e-07
discrepancy: 9.428090e-01
1.333333e+00 1.333333e+00 146


beta: 1.192093e-07
discrepancy: 9.428090e-01
1.333333e+00 1.333333e+00 147


beta: 5.960464e-08
discrepancy: 9.428090e-01
1.333334e+00 1.333333e+00 148


beta: 1.192093e-07
discrepancy: 9.428090e-01
1.333333e+00 1.333333e+00 149


beta: 1.192093e-07
discrepancy: 9.428090e-01
1.333333e+00 1.333333e+00 150


beta: 5.960464e-08
discrepancy: 9.428090e-01
1.333334e+00 1.333333e+00 151


beta: 1.192093e-07
discrepancy: 9.428090e-01
1.333333e+00 1.333333e+00 152


beta: 1.192093e-07
discrepancy: 9.428090e-01
1.333333e+00 1.333333e+00 153


beta: 5.960464e-08
discrepancy: 9.428090e-01
1.333334e+00 1.333333e+00 154


beta: 1.192093e-07
discrepancy: 9.428090e-01
1.333333e+00 1.333333e+00 155


beta: 1.192093e-07
discrepancy: 9.428090e-01
1.333333e+00 1.333333e+00 156


beta: 5.960464e-08
discrepancy: 9.428090e-01
1.333334e+00 1.333333e+00 157


beta: 1.192093e-07
discrepancy: 9.428090e-01
1.333333e+00 1.333333e+00 158


beta: 1.192093e-07
discrepancy: 9.428090e-01
1.333333e+00 1.333333e+00 159


beta: 5.960464e-08
discrepancy: 9.428090e-01
1.333334e+00 1.333333e+00 160


beta: 1.192093e-07
discrepancy: 9.428090e-01
1.333333e+00 1.333333e+00 161


beta: 1.192093e-07
discrepancy: 9.428090e-01
1.333333e+00 1.333333e+00 162


beta: 5.960464e-08
discrepancy: 9.428090e-01
1.333334e+00 1.333333e+00 163


beta: 1.192093e-07
discrepancy: 9.428090e-01
1.333333e+00 1.333333e+00 164


beta: 1.192093e-07
discrepancy: 9.428090e-01
1.333333e+00 1.333333e+00 165


beta: 5.960464e-08
discrepancy: 9.428090e-01
1.333334e+00 1.333333e+00 166


beta: 1.192093e-07
discrepancy: 9.428090e-01
1.333333e+00 1.333333e+00 167


beta: 1.192093e-07
discrepancy: 9.428090e-01
1.333333e+00 1.333333e+00 168


beta: 5.960464e-08
discrepancy: 9.428090e-01
1.333334e+00 1.333333e+00 169


beta: 1.192093e-07
discrepancy: 9.428090e-01
1.333333e+00 1.333333e+00 170


beta: 1.192093e-07
discrepancy: 9.428090e-01
1.333333e+00 1.333333e+00 171


beta: 5.960464e-08
discrepancy: 9.428090e-01
1.333334e+00 1.333333e+00 172


beta: 1.192093e-07
discrepancy: 9.428090e-01
1.333333e+00 1.333333e+00 173


beta: 1.192093e-07
discrepancy: 9.428090e-01
1.333333e+00 1.333333e+00 174


beta: 5.960464e-08
discrepancy: 9.428090e-01
1.333334e+00 1.333333e+00 175


beta: 1.192093e-07
discrepancy: 9.428090e-01
1.333333e+00 1.333333e+00 176


beta: 1.192093e-07
discrepancy: 9.428090e-01
1.333333e+00 1.333333e+00 177


beta: 5.960464e-08
discrepancy: 9.428090e-01
1.333334e+00 1.333333e+00 178


beta: 1.192093e-07
discrepancy: 9.428090e-01
1.333333e+00 1.333333e+00 179


beta: 1.192093e-07
discrepancy: 9.428090e-01
1.333333e+00 1.333333e+00 180


beta: 5.960464e-08
discrepancy: 9.428090e-01
1.333334e+00 1.333333e+00 181


beta: 1.192093e-07
discrepancy: 9.428090e-01
1.333333e+00 1.333333e+00 182


beta: 1.192093e-07
discrepancy: 9.428090e-01
1.333333e+00 1.333333e+00 183


beta: 5.960464e-08
discrepancy: 9.428090e-01
1.333334e+00 1.333333e+00 184


beta: 1.192093e-07
discrepancy: 9.428090e-01
1.333333e+00 1.333333e+00 185


beta: 1.192093e-07
discrepancy: 9.428090e-01
1.333333e+00 1.333333e+00 186


beta: 5.960464e-08
discrepancy: 9.428090e-01
1.333334e+00 1.333333e+00 187


beta: 1.192093e-07
discrepancy: 9.428090e-01
1.333333e+00 1.333333e+00 188


beta: 1.192093e-07
discrepancy: 9.428090e-01
1.333333e+00 1.333333e+00 189


beta: 5.960464e-08
discrepancy: 9.428090e-01
1.333334e+00 1.333333e+00 190


beta: 1.192093e-07
discrepancy: 9.428090e-01
1.333333e+00 1.333333e+00 191


beta: 1.192093e-07
discrepancy: 9.428090e-01
1.333333e+00 1.333333e+00 192


beta: 5.960464e-08
discrepancy: 9.428090e-01
1.333334e+00 1.333333e+00 193


beta: 1.192093e-07
discrepancy: 9.428090e-01
1.333333e+00 1.333333e+00 194


beta: 1.192093e-07
discrepancy: 9.428090e-01
1.333333e+00 1.333333e+00 195


beta: 5.960464e-08
discrepancy: 9.428090e-01
1.333334e+00 1.333333e+00 196


beta: 1.192093e-07
discrepancy: 9.428090e-01
1.333333e+00 1.333333e+00 197


beta: 1.192093e-07
discrepancy: 9.428090e-01
1.333333e+00 1.333333e+00 198


beta: 5.960464e-08
discrepancy: 9.428090e-01
1.333334e+00 1.333333e+00 199


beta: 1.192093e-07
discrepancy: 9.428090e-01
1.333333e+00 1.333333e+00 200


beta: 1.192093e-07
discrepancy: 9.428090e-01
1.333333e+00 1.333333e+00 201


beta: 5.960464e-08
discrepancy: 9.428090e-01
1.333334e+00 1.333333e+00 202


beta: 1.192093e-07
discrepancy: 9.428090e-01
1.333333e+00 1.333333e+00 203


beta: 1.192093e-07
discrepancy: 9.428090e-01
1.333333e+00 1.333333e+00 204


beta: 5.960464e-08
discrepancy: 9.428090e-01
1.333334e+00 1.333333e+00 205


beta: 1.192093e-07
discrepancy: 9.428090e-01
1.333333e+00 1.333333e+00 206


beta: 1.192093e-07
discrepancy: 9.428090e-01
1.333333e+00 1.333333e+00 207


beta: 5.960464e-08
discrepancy: 9.428090e-01
1.333334e+00 1.333333e+00 208


beta: 1.192093e-07
discrepancy: 9.428090e-01
1.333333e+00 1.333333e+00 209


beta: 1.192093e-07
discrepancy: 9.428090e-01
1.333333e+00 1.333333e+00 210


beta: 5.960464e-08
discrepancy: 9.428090e-01
1.333334e+00 1.333333e+00 211


beta: 1.192093e-07
discrepancy: 9.428090e-01
1.333333e+00 1.333333e+00 212


beta: 1.192093e-07
discrepancy: 9.428090e-01
1.333333e+00 1.333333e+00 213


beta: 5.960464e-08
discrepancy: 9.428090e-01
1.333334e+00 1.333333e+00 214


beta: 1.192093e-07
discrepancy: 9.428090e-01
1.333333e+00 1.333333e+00 215


beta: 1.192093e-07
discrepancy: 9.428090e-01
1.333333e+00 1.333333e+00 216


beta: 5.960464e-08
discrepancy: 9.428090e-01
1.333334e+00 1.333333e+00 217


beta: 1.192093e-07
discrepancy: 9.428090e-01
1.333333e+00 1.333333e+00 218


beta: 1.192093e-07
discrepancy: 9.428090e-01
1.333333e+00 1.333333e+00 219


beta: 5.960464e-08
discrepancy: 9.428090e-01
1.333334e+00 1.333333e+00 220


beta: 1.192093e-07
discrepancy: 9.428090e-01
1.333333e+00 1.333333e+00 221


beta: 1.192093e-07
discrepancy: 9.428090e-01
1.333333e+00 1.333333e+00 222


beta: 5.960464e-08
discrepancy: 9.428090e-01
1.333334e+00 1.333333e+00 223


beta: 1.192093e-07
discrepancy: 9.428090e-01
1.333333e+00 1.333333e+00 224


beta: 1.192093e-07
discrepancy: 9.428090e-01
1.333333e+00 1.333333e+00 225


beta: 5.960464e-08
discrepancy: 9.428090e-01
1.333334e+00 1.333333e+00 226


beta: 1.192093e-07
discrepancy: 9.428090e-01
1.333333e+00 1.333333e+00 227


beta: 1.192093e-07
discrepancy: 9.428090e-01
1.333333e+00 1.333333e+00 228


beta: 5.960464e-08
discrepancy: 9.428090e-01
1.333334e+00 1.333333e+00 229


beta: 1.192093e-07
discrepancy: 9.428090e-01
1.333333e+00 1.333333e+00 230


beta: 1.192093e-07
discrepancy: 9.428090e-01
1.333333e+00 1.333333e+00 231


beta: 5.960464e-08
discrepancy: 9.428090e-01
1.333334e+00 1.333333e+00 232


beta: 1.192093e-07
discrepancy: 9.428090e-01
1.333333e+00 1.333333e+00 233


beta: 1.192093e-07
discrepancy: 9.428090e-01
1.333333e+00 1.333333e+00 234


beta: 5.960464e-08
discrepancy: 9.428090e-01
1.333334e+00 1.333333e+00 235


beta: 1.192093e-07
discrepancy: 9.428090e-01
1.333333e+00 1.333333e+00 236


beta: 1.192093e-07
discrepancy: 9.428090e-01
1.333333e+00 1.333333e+00 237


beta: 5.960464e-08
discrepancy: 9.428090e-01
1.333334e+00 1.333333e+00 238


beta: 1.192093e-07
discrepancy: 9.428090e-01
1.333333e+00 1.333333e+00 239


beta: 1.192093e-07
discrepancy: 9.428090e-01
1.333333e+00 1.333333e+00 240


beta: 5.960464e-08
discrepancy: 9.428090e-01
1.333334e+00 1.333333e+00 241


beta: 1.192093e-07
discrepancy: 9.428090e-01
1.333333e+00 1.333333e+00 242


beta: 1.192093e-07
discrepancy: 9.428090e-01
1.333333e+00 1.333333e+00 243


beta: 5.960464e-08
discrepancy: 9.428090e-01
1.333334e+00 1.333333e+00 244


beta: 1.192093e-07
discrepancy: 9.428090e-01
1.333333e+00 1.333333e+00 245


beta: 1.192093e-07
discrepancy: 9.428090e-01
1.333333e+00 1.333333e+00 246


beta: 5.960464e-08
discrepancy: 9.428090e-01
1.333334e+00 1.333333e+00 247


beta: 1.192093e-07
discrepancy: 9.428090e-01
1.333333e+00 1.333333e+00 248


beta: 1.192093e-07
discrepancy: 9.428090e-01
1.333333e+00 1.333333e+00 249


beta: 5.960464e-08
discrepancy: 9.428090e-01
1.333334e+00 1.333333e+00 250


beta: 1.192093e-07
discrepancy: 9.428090e-01
1.333333e+00 1.333333e+00 251


beta: 1.192093e-07
discrepancy: 9.428090e-01
1.333333e+00 1.333333e+00 252


beta: 5.960464e-08
discrepancy: 9.428090e-01
1.333334e+00 1.333333e+00 253


beta: 1.192093e-07
discrepancy: 9.428090e-01
1.333333e+00 1.333333e+00 254


beta: 1.192093e-07
discrepancy: 9.428090e-01
1.333333e+00 1.333333e+00 255


beta: 5.960464e-08
discrepancy: 9.428090e-01
1.333334e+00 1.333333e+00 256


beta: 1.192093e-07
discrepancy: 9.428090e-01
1.333333e+00 1.333333e+00 257


beta: 1.192093e-07
discrepancy: 9.428090e-01
1.333333e+00 1.333333e+00 258


beta: 5.960464e-08
discrepancy: 9.428090e-01
1.333334e+00 1.333333e+00 259


beta: 1.192093e-07
discrepancy: 9.428090e-01
1.333333e+00 1.333333e+00 260


beta: 1.192093e-07
discrepancy: 9.428090e-01
1.333333e+00 1.333333e+00 261


beta: 5.960464e-08
discrepancy: 9.428090e-01
1.333334e+00 1.333333e+00 262


beta: 1.192093e-07
discrepancy: 9.428090e-01
1.333333e+00 1.333333e+00 263


beta: 1.192093e-07
discrepancy: 9.428090e-01
1.333333e+00 1.333333e+00 264


beta: 5.960464e-08
discrepancy: 9.428090e-01
1.333334e+00 1.333333e+00 265


beta: 1.192093e-07
discrepancy: 9.428090e-01
1.333333e+00 1.333333e+00 266


beta: 1.192093e-07
discrepancy: 9.428090e-01
1.333333e+00 1.333333e+00 267


beta: 5.960464e-08
discrepancy: 9.428090e-01
1.333334e+00 1.333333e+00 268


beta: 1.192093e-07
discrepancy: 9.428090e-01
1.333333e+00 1.333333e+00 269


beta: 1.192093e-07
discrepancy: 9.428090e-01
1.333333e+00 1.333333e+00 270


beta: 5.960464e-08
discrepancy: 9.428090e-01
1.333334e+00 1.333333e+00 271


beta: 1.192093e-07
discrepancy: 9.428090e-01
1.333333e+00 1.333333e+00 272


beta: 1.192093e-07
discrepancy: 9.428090e-01
1.333333e+00 1.333333e+00 273


beta: 5.960464e-08
discrepancy: 9.428090e-01
1.333334e+00 1.333333e+00 274


beta: 1.192093e-07
discrepancy: 9.428090e-01
1.333333e+00 1.333333e+00 275


beta: 1.192093e-07
discrepancy: 9.428090e-01
1.333333e+00 1.333333e+00 276


beta: 5.960464e-08
discrepancy: 9.428090e-01
1.333334e+00 1.333333e+00 277


beta: 1.192093e-07
discrepancy: 9.428090e-01
1.333333e+00 1.333333e+00 278


beta: 1.192093e-07
discrepancy: 9.428090e-01
1.333333e+00 1.333333e+00 279


beta: 5.960464e-08
discrepancy: 9.428090e-01
1.333334e+00 1.333333e+00 280


beta: 1.192093e-07
discrepancy: 9.428090e-01
1.333333e+00 1.333333e+00 281


beta: 1.192093e-07
discrepancy: 9.428090e-01
1.333333e+00 1.333333e+00 282


beta: 5.960464e-08
discrepancy: 9.428090e-01
1.333334e+00 1.333333e+00 283


beta: 1.192093e-07
discrepancy: 9.428090e-01
1.333333e+00 1.333333e+00 284


beta: 1.192093e-07
discrepancy: 9.428090e-01
1.333333e+00 1.333333e+00 285


beta: 5.960464e-08
discrepancy: 9.428090e-01
1.333334e+00 1.333333e+00 286


beta: 1.192093e-07
discrepancy: 9.428090e-01
1.333333e+00 1.333333e+00 287


beta: 1.192093e-07
discrepancy: 9.428090e-01
1.333333e+00 1.333333e+00 288


beta: 5.960464e-08
discrepancy: 9.428090e-01
1.333334e+00 1.333333e+00 289


beta: 1.192093e-07
discrepancy: 9.428090e-01
1.333333e+00 1.333333e+00 290


beta: 1.192093e-07
discrepancy: 9.428090e-01
1.333333e+00 1.333333e+00 291


beta: 5.960464e-08
discrepancy: 9.428090e-01
1.333334e+00 1.333333e+00 292


beta: 1.192093e-07
discrepancy: 9.428090e-01
1.333333e+00 1.333333e+00 293


beta: 1.192093e-07
discrepancy: 9.428090e-01
1.333333e+00 1.333333e+00 294


beta: 5.960464e-08
discrepancy: 9.428090e-01
1.333334e+00 1.333333e+00 295


beta: 1.192093e-07
discrepancy: 9.428090e-01
1.333333e+00 1.333333e+00 296


beta: 1.192093e-07
discrepancy: 9.428090e-01
1.333333e+00 1.333333e+00 297


beta: 5.960464e-08
discrepancy: 9.428090e-01
1.333334e+00 1.333333e+00 298


beta: 1.192093e-07
discrepancy: 9.428090e-01
1.333333e+00 1.333333e+00 299


beta: 1.192093e-07
discrepancy: 9.428090e-01
1.333333e+00 1.333333e+00 300


beta: 5.960464e-08
discrepancy: 9.428090e-01
1.333334e+00 1.333333e+00 301


beta: 1.192093e-07
discrepancy: 9.428090e-01
1.333333e+00 1.333333e+00 302


beta: 1.192093e-07
discrepancy: 9.428090e-01
1.333333e+00 1.333333e+00 303


beta: 5.960464e-08
discrepancy: 9.428090e-01
1.333334e+00 1.333333e+00 304


beta: 1.192093e-07
discrepancy: 9.428090e-01
1.333333e+00 1.333333e+00 305


beta: 1.192093e-07
discrepancy: 9.428090e-01
1.333333e+00 1.333333e+00 306


beta: 5.960464e-08
discrepancy: 9.428090e-01
1.333334e+00 1.333333e+00 307


beta: 1.192093e-07
discrepancy: 9.428090e-01
1.333333e+00 1.333333e+00 308


beta: 1.192093e-07
discrepancy: 9.428090e-01
1.333333e+00 1.333333e+00 309


beta: 5.960464e-08
discrepancy: 9.428090e-01
1.333334e+00 1.333333e+00 310


beta: 1.192093e-07
discrepancy: 9.428090e-01
1.333333e+00 1.333333e+00 311


beta: 1.192093e-07
discrepancy: 9.428090e-01
1.333333e+00 1.333333e+00 312


beta: 5.960464e-08
discrepancy: 9.428090e-01
1.333334e+00 1.333333e+00 313


beta: 1.192093e-07
discrepancy: 9.428090e-01
1.333333e+00 1.333333e+00 314


beta: 1.192093e-07
discrepancy: 9.428090e-01
1.333333e+00 1.333333e+00 315


beta: 5.960464e-08
discrepancy: 9.428090e-01
1.333334e+00 1.333333e+00 316


beta: 1.192093e-07
discrepancy: 9.428090e-01
1.333333e+00 1.333333e+00 317


beta: 1.192093e-07
discrepancy: 9.428090e-01
1.333333e+00 1.333333e+00 318


beta: 5.960464e-08
discrepancy: 9.428090e-01
1.333334e+00 1.333333e+00 319


beta: 1.192093e-07
discrepancy: 9.428090e-01
1.333333e+00 1.333333e+00 320


beta: 1.192093e-07
discrepancy: 9.428090e-01
1.333333e+00 1.333333e+00 321


beta: 5.960464e-08
discrepancy: 9.428090e-01
1.333334e+00 1.333333e+00 322


beta: 1.192093e-07
discrepancy: 9.428090e-01
1.333333e+00 1.333333e+00 323


beta: 1.192093e-07
discrepancy: 9.428090e-01
1.333333e+00 1.333333e+00 324


beta: 5.960464e-08
discrepancy: 9.428090e-01
1.333334e+00 1.333333e+00 325


beta: 1.192093e-07
discrepancy: 9.428090e-01
1.333333e+00 1.333333e+00 326


beta: 1.192093e-07
discrepancy: 9.428090e-01
1.333333e+00 1.333333e+00 327


beta: 5.960464e-08
discrepancy: 9.428090e-01
1.333334e+00 1.333333e+00 328


beta: 1.192093e-07
discrepancy: 9.428090e-01
1.333333e+00 1.333333e+00 329


beta: 1.192093e-07
discrepancy: 9.428090e-01
1.333333e+00 1.333333e+00 330


beta: 5.960464e-08
discrepancy: 9.428090e-01
1.333334e+00 1.333333e+00 331


beta: 1.192093e-07
discrepancy: 9.428090e-01
1.333333e+00 1.333333e+00 332


beta: 1.192093e-07
discrepancy: 9.428090e-01
1.333333e+00 1.333333e+00 333


beta: 5.960464e-08
discrepancy: 9.428090e-01
1.333334e+00 1.333333e+00 334


beta: 1.192093e-07
discrepancy: 9.428090e-01
1.333333e+00 1.333333e+00 335


beta: 1.192093e-07
discrepancy: 9.428090e-01
1.333333e+00 1.333333e+00 336


beta: 5.960464e-08
discrepancy: 9.428090e-01
1.333334e+00 1.333333e+00 337


beta: 1.192093e-07
discrepancy: 9.428090e-01
1.333333e+00 1.333333e+00 338


beta: 1.192093e-07
discrepancy: 9.428090e-01
1.333333e+00 1.333333e+00 339


beta: 5.960464e-08
discrepancy: 9.428090e-01
1.333334e+00 1.333333e+00 340


beta: 1.192093e-07
discrepancy: 9.428090e-01
1.333333e+00 1.333333e+00 341


beta: 1.192093e-07
discrepancy: 9.428090e-01
1.333333e+00 1.333333e+00 342


beta: 5.960464e-08
discrepancy: 9.428090e-01
1.333334e+00 1.333333e+00 343


beta: 1.192093e-07
discrepancy: 9.428090e-01
1.333333e+00 1.333333e+00 344


beta: 1.192093e-07
discrepancy: 9.428090e-01
1.333333e+00 1.333333e+00 345


beta: 5.960464e-08
discrepancy: 9.428090e-01
1.333334e+00 1.333333e+00 346


beta: 1.192093e-07
discrepancy: 9.428090e-01
1.333333e+00 1.333333e+00 347


beta: 1.192093e-07
discrepancy: 9.428090e-01
1.333333e+00 1.333333e+00 348


beta: 5.960464e-08
discrepancy: 9.428090e-01
1.333334e+00 1.333333e+00 349


beta: 1.192093e-07
discrepancy: 9.428090e-01
1.333333e+00 1.333333e+00 350


beta: 1.192093e-07
discrepancy: 9.428090e-01
1.333333e+00 1.333333e+00 351


beta: 5.960464e-08
discrepancy: 9.428090e-01
1.333334e+00 1.333333e+00 352


beta: 1.192093e-07
discrepancy: 9.428090e-01
1.333333e+00 1.333333e+00 353


beta: 1.192093e-07
discrepancy: 9.428090e-01
1.333333e+00 1.333333e+00 354


beta: 5.960464e-08
discrepancy: 9.428090e-01
1.333334e+00 1.333333e+00 355


beta: 1.192093e-07
discrepancy: 9.428090e-01
1.333333e+00 1.333333e+00 356


beta: 1.192093e-07
discrepancy: 9.428090e-01
1.333333e+00 1.333333e+00 357


beta: 5.960464e-08
discrepancy: 9.428090e-01
1.333334e+00 1.333333e+00 358


beta: 1.192093e-07
discrepancy: 9.428090e-01
1.333333e+00 1.333333e+00 359


beta: 1.192093e-07
discrepancy: 9.428090e-01
1.333333e+00 1.333333e+00 360


beta: 5.960464e-08
discrepancy: 9.428090e-01
1.333334e+00 1.333333e+00 361


beta: 1.192093e-07
discrepancy: 9.428090e-01
1.333333e+00 1.333333e+00 362


beta: 1.192093e-07
discrepancy: 9.428090e-01
1.333333e+00 1.333333e+00 363


beta: 5.960464e-08
discrepancy: 9.428090e-01
1.333334e+00 1.333333e+00 364


beta: 1.192093e-07
discrepancy: 9.428090e-01
1.333333e+00 1.333333e+00 365


beta: 1.192093e-07
discrepancy: 9.428090e-01
1.333333e+00 1.333333e+00 366


beta: 5.960464e-08
discrepancy: 9.428090e-01
1.333334e+00 1.333333e+00 367


beta: 1.192093e-07
discrepancy: 9.428090e-01
1.333333e+00 1.333333e+00 368


beta: 1.192093e-07
discrepancy: 9.428090e-01
1.333333e+00 1.333333e+00 369


beta: 5.960464e-08
discrepancy: 9.428090e-01
1.333334e+00 1.333333e+00 370


beta: 1.192093e-07
discrepancy: 9.428090e-01
1.333333e+00 1.333333e+00 371


beta: 1.192093e-07
discrepancy: 9.428090e-01
1.333333e+00 1.333333e+00 372


beta: 5.960464e-08
discrepancy: 9.428090e-01
1.333334e+00 1.333333e+00 373


beta: 1.192093e-07
discrepancy: 9.428090e-01
1.333333e+00 1.333333e+00 374


beta: 1.192093e-07
discrepancy: 9.428090e-01
1.333333e+00 1.333333e+00 375


beta: 5.960464e-08
discrepancy: 9.428090e-01
1.333334e+00 1.333333e+00 376


beta: 1.192093e-07
discrepancy: 9.428090e-01
1.333333e+00 1.333333e+00 377


beta: 1.192093e-07
discrepancy: 9.428090e-01
1.333333e+00 1.333333e+00 378


beta: 5.960464e-08
discrepancy: 9.428090e-01
1.333334e+00 1.333333e+00 379


beta: 1.192093e-07
discrepancy: 9.428090e-01
1.333333e+00 1.333333e+00 380


beta: 1.192093e-07
discrepancy: 9.428090e-01
1.333333e+00 1.333333e+00 381


beta: 5.960464e-08
discrepancy: 9.428090e-01
1.333334e+00 1.333333e+00 382


beta: 1.192093e-07
discrepancy: 9.428090e-01
1.333333e+00 1.333333e+00 383


beta: 1.192093e-07
discrepancy: 9.428090e-01
1.333333e+00 1.333333e+00 384


beta: 5.960464e-08
discrepancy: 9.428090e-01
1.333334e+00 1.333333e+00 385


beta: 1.192093e-07
discrepancy: 9.428090e-01
1.333333e+00 1.333333e+00 386


beta: 1.192093e-07
discrepancy: 9.428090e-01
1.333333e+00 1.333333e+00 387


beta: 5.960464e-08
discrepancy: 9.428090e-01
1.333334e+00 1.333333e+00 388


beta: 1.192093e-07
discrepancy: 9.428090e-01
1.333333e+00 1.333333e+00 389


beta: 1.192093e-07
discrepancy: 9.428090e-01
1.333333e+00 1.333333e+00 390


beta: 5.960464e-08
discrepancy: 9.428090e-01
1.333334e+00 1.333333e+00 391


beta: 1.192093e-07
discrepancy: 9.428090e-01
1.333333e+00 1.333333e+00 392


beta: 1.192093e-07
discrepancy: 9.428090e-01
1.333333e+00 1.333333e+00 393


beta: 5.960464e-08
discrepancy: 9.428090e-01
1.333334e+00 1.333333e+00 394


beta: 1.192093e-07
discrepancy: 9.428090e-01
1.333333e+00 1.333333e+00 395


beta: 1.192093e-07
discrepancy: 9.428090e-01
1.333333e+00 1.333333e+00 396


beta: 5.960464e-08
discrepancy: 9.428090e-01
1.333334e+00 1.333333e+00 397


beta: 1.192093e-07
discrepancy: 9.428090e-01
1.333333e+00 1.333333e+00 398


beta: 1.192093e-07
discrepancy: 9.428090e-01
1.333333e+00 1.333333e+00 399


beta: 5.960464e-08
discrepancy: 9.428090e-01
1.333334e+00 1.333333e+00 400


beta: 1.192093e-07
discrepancy: 9.428090e-01
1.333333e+00 1.333333e+00 401


beta: 1.192093e-07
discrepancy: 9.428090e-01
1.333333e+00 1.333333e+00 402


beta: 5.960464e-08
discrepancy: 9.428090e-01
1.333334e+00 1.333333e+00 403


beta: 1.192093e-07
discrepancy: 9.428090e-01
1.333333e+00 1.333333e+00 404


beta: 1.192093e-07
discrepancy: 9.428090e-01
1.333333e+00 1.333333e+00 405


beta: 5.960464e-08
discrepancy: 9.428090e-01
1.333334e+00 1.333333e+00 406


beta: 1.192093e-07
discrepancy: 9.428090e-01
1.333333e+00 1.333333e+00 407


beta: 1.192093e-07
discrepancy: 9.428090e-01
1.333333e+00 1.333333e+00 408


beta: 5.960464e-08
discrepancy: 9.428090e-01
1.333334e+00 1.333333e+00 409


beta: 1.192093e-07
discrepancy: 9.428090e-01
1.333333e+00 1.333333e+00 410


beta: 1.192093e-07
discrepancy: 9.428090e-01
1.333333e+00 1.333333e+00 411


beta: 5.960464e-08
discrepancy: 9.428090e-01
1.333334e+00 1.333333e+00 412


beta: 1.192093e-07
discrepancy: 9.428090e-01
1.333333e+00 1.333333e+00 413


beta: 1.192093e-07
discrepancy: 9.428090e-01
1.333333e+00 1.333333e+00 414


beta: 5.960464e-08
discrepancy: 9.428090e-01
1.333334e+00 1.333333e+00 415


beta: 1.192093e-07
discrepancy: 9.428090e-01
1.333333e+00 1.333333e+00 416


beta: 1.192093e-07
discrepancy: 9.428090e-01
1.333333e+00 1.333333e+00 417


beta: 5.960464e-08
discrepancy: 9.428090e-01
1.333334e+00 1.333333e+00 418


beta: 1.192093e-07
discrepancy: 9.428090e-01
1.333333e+00 1.333333e+00 419


beta: 1.192093e-07
discrepancy: 9.428090e-01
1.333333e+00 1.333333e+00 420


beta: 5.960464e-08
discrepancy: 9.428090e-01
1.333334e+00 1.333333e+00 421


beta: 1.192093e-07
discrepancy: 9.428090e-01
1.333333e+00 1.333333e+00 422


beta: 1.192093e-07
discrepancy: 9.428090e-01
1.333333e+00 1.333333e+00 423


beta: 5.960464e-08
discrepancy: 9.428090e-01
1.333334e+00 1.333333e+00 424


beta: 1.192093e-07
discrepancy: 9.428090e-01
1.333333e+00 1.333333e+00 425


beta: 1.192093e-07
discrepancy: 9.428090e-01
1.333333e+00 1.333333e+00 426


beta: 5.960464e-08
discrepancy: 9.428090e-01
1.333334e+00 1.333333e+00 427


beta: 1.192093e-07
discrepancy: 9.428090e-01
1.333333e+00 1.333333e+00 428


beta: 1.192093e-07
discrepancy: 9.428090e-01
1.333333e+00 1.333333e+00 429


beta: 5.960464e-08
discrepancy: 9.428090e-01
1.333334e+00 1.333333e+00 430


beta: 1.192093e-07
discrepancy: 9.428090e-01
1.333333e+00 1.333333e+00 431


beta: 1.192093e-07
discrepancy: 9.428090e-01
1.333333e+00 1.333333e+00 432


beta: 5.960464e-08
discrepancy: 9.428090e-01
1.333334e+00 1.333333e+00 433


beta: 1.192093e-07
discrepancy: 9.428090e-01
1.333333e+00 1.333333e+00 434


beta: 1.192093e-07
discrepancy: 9.428090e-01
1.333333e+00 1.333333e+00 435


beta: 5.960464e-08
discrepancy: 9.428090e-01
1.333334e+00 1.333333e+00 436


beta: 1.192093e-07
discrepancy: 9.428090e-01
1.333333e+00 1.333333e+00 437


beta: 1.192093e-07
discrepancy: 9.428090e-01
1.333333e+00 1.333333e+00 438


beta: 5.960464e-08
discrepancy: 9.428090e-01
1.333334e+00 1.333333e+00 439


beta: 1.192093e-07
discrepancy: 9.428090e-01
1.333333e+00 1.333333e+00 440


beta: 1.192093e-07
discrepancy: 9.428090e-01
1.333333e+00 1.333333e+00 441


beta: 5.960464e-08
discrepancy: 9.428090e-01
1.333334e+00 1.333333e+00 442


beta: 1.192093e-07
discrepancy: 9.428090e-01
1.333333e+00 1.333333e+00 443


beta: 1.192093e-07
discrepancy: 9.428090e-01
1.333333e+00 1.333333e+00 444


beta: 5.960464e-08
discrepancy: 9.428090e-01
1.333334e+00 1.333333e+00 445


beta: 1.192093e-07
discrepancy: 9.428090e-01
1.333333e+00 1.333333e+00 446


beta: 1.192093e-07
discrepancy: 9.428090e-01
1.333333e+00 1.333333e+00 447


beta: 5.960464e-08
discrepancy: 9.428090e-01
1.333334e+00 1.333333e+00 448


beta: 1.192093e-07
discrepancy: 9.428090e-01
1.333333e+00 1.333333e+00 449


beta: 1.192093e-07
discrepancy: 9.428090e-01
1.333333e+00 1.333333e+00 450


beta: 5.960464e-08
discrepancy: 9.428090e-01
1.333334e+00 1.333333e+00 451


beta: 1.192093e-07
discrepancy: 9.428090e-01
1.333333e+00 1.333333e+00 452


beta: 1.192093e-07
discrepancy: 9.428090e-01
1.333333e+00 1.333333e+00 453


beta: 5.960464e-08
discrepancy: 9.428090e-01
1.333334e+00 1.333333e+00 454


beta: 1.192093e-07
discrepancy: 9.428090e-01
1.333333e+00 1.333333e+00 455


beta: 1.192093e-07
discrepancy: 9.428090e-01
1.333333e+00 1.333333e+00 456


beta: 5.960464e-08
discrepancy: 9.428090e-01
1.333334e+00 1.333333e+00 457


beta: 1.192093e-07
discrepancy: 9.428090e-01
1.333333e+00 1.333333e+00 458


beta: 1.192093e-07
discrepancy: 9.428090e-01
1.333333e+00 1.333333e+00 459


beta: 5.960464e-08
discrepancy: 9.428090e-01
1.333334e+00 1.333333e+00 460


beta: 1.192093e-07
discrepancy: 9.428090e-01
1.333333e+00 1.333333e+00 461


beta: 1.192093e-07
discrepancy: 9.428090e-01
1.333333e+00 1.333333e+00 462


beta: 5.960464e-08
discrepancy: 9.428090e-01
1.333334e+00 1.333333e+00 463


beta: 1.192093e-07
discrepancy: 9.428090e-01
1.333333e+00 1.333333e+00 464


beta: 1.192093e-07
discrepancy: 9.428090e-01
1.333333e+00 1.333333e+00 465


beta: 5.960464e-08
discrepancy: 9.428090e-01
1.333334e+00 1.333333e+00 466


beta: 1.192093e-07
discrepancy: 9.428090e-01
1.333333e+00 1.333333e+00 467


beta: 1.192093e-07
discrepancy: 9.428090e-01
1.333333e+00 1.333333e+00 468


beta: 5.960464e-08
discrepancy: 9.428090e-01
1.333334e+00 1.333333e+00 469


beta: 1.192093e-07
discrepancy: 9.428090e-01
1.333333e+00 1.333333e+00 470


beta: 1.192093e-07
discrepancy: 9.428090e-01
1.333333e+00 1.333333e+00 471


beta: 5.960464e-08
discrepancy: 9.428090e-01
1.333334e+00 1.333333e+00 472


beta: 1.192093e-07
discrepancy: 9.428090e-01
1.333333e+00 1.333333e+00 473


beta: 1.192093e-07
discrepancy: 9.428090e-01
1.333333e+00 1.333333e+00 474


beta: 5.960464e-08
discrepancy: 9.428090e-01
1.333334e+00 1.333333e+00 475


beta: 1.192093e-07
discrepancy: 9.428090e-01
1.333333e+00 1.333333e+00 476


beta: 1.192093e-07
discrepancy: 9.428090e-01
1.333333e+00 1.333333e+00 477


beta: 5.960464e-08
discrepancy: 9.428090e-01
1.333334e+00 1.333333e+00 478


beta: 1.192093e-07
discrepancy: 9.428090e-01
1.333333e+00 1.333333e+00 479


beta: 1.192093e-07
discrepancy: 9.428090e-01
1.333333e+00 1.333333e+00 480


beta: 5.960464e-08
discrepancy: 9.428090e-01
1.333334e+00 1.333333e+00 481


beta: 1.192093e-07
discrepancy: 9.428090e-01
1.333333e+00 1.333333e+00 482


beta: 1.192093e-07
discrepancy: 9.428090e-01
1.333333e+00 1.333333e+00 483


beta: 5.960464e-08
discrepancy: 9.428090e-01
1.333334e+00 1.333333e+00 484


beta: 1.192093e-07
discrepancy: 9.428090e-01
1.333333e+00 1.333333e+00 485


beta: 1.192093e-07
discrepancy: 9.428090e-01
1.333333e+00 1.333333e+00 486


beta: 5.960464e-08
discrepancy: 9.428090e-01
1.333334e+00 1.333333e+00 487


beta: 1.192093e-07
discrepancy: 9.428090e-01
1.333333e+00 1.333333e+00 488


beta: 1.192093e-07
discrepancy: 9.428090e-01
1.333333e+00 1.333333e+00 489


beta: 5.960464e-08
discrepancy: 9.428090e-01
1.333334e+00 1.333333e+00 490


beta: 1.192093e-07
discrepancy: 9.428090e-01
1.333333e+00 1.333333e+00 491


beta: 1.192093e-07
discrepancy: 9.428090e-01
1.333333e+00 1.333333e+00 492


beta: 5.960464e-08
discrepancy: 9.428090e-01
1.333334e+00 1.333333e+00 493


beta: 1.192093e-07
discrepancy: 9.428090e-01
1.333333e+00 1.333333e+00 494


beta: 1.192093e-07
discrepancy: 9.428090e-01
1.333333e+00 1.333333e+00 495


beta: 5.960464e-08
discrepancy: 9.428090e-01
1.333334e+00 1.333333e+00 496


beta: 1.192093e-07
discrepancy: 9.428090e-01
1.333333e+00 1.333333e+00 497


beta: 1.192093e-07
discrepancy: 9.428090e-01
1.333333e+00 1.333333e+00 498


beta: 5.960464e-08
discrepancy: 9.428090e-01
1.333334e+00 1.333333e+00 499


beta: 1.192093e-07
discrepancy: 9.428090e-01
1.333333e+00 1.333333e+00 500


beta: 1.192093e-07
discrepancy: 9.428090e-01
1.333333e+00 1.333333e+00 501


beta: 5.960464e-08
discrepancy: 9.428090e-01
1.333334e+00 1.333333e+00 502


beta: 1.192093e-07
discrepancy: 9.428090e-01
1.333333e+00 1.333333e+00 503


beta: 1.192093e-07
discrepancy: 9.428090e-01
1.333333e+00 1.333333e+00 504


beta: 5.960464e-08
discrepancy: 9.428090e-01
1.333334e+00 1.333333e+00 505


beta: 1.192093e-07
discrepancy: 9.428090e-01
1.333333e+00 1.333333e+00 506


beta: 1.192093e-07
discrepancy: 9.428090e-01
1.333333e+00 1.333333e+00 507


beta: 5.960464e-08
discrepancy: 9.428090e-01
1.333334e+00 1.333333e+00 508


beta: 1.192093e-07
discrepancy: 9.428090e-01
1.333333e+00 1.333333e+00 509


beta: 1.192093e-07
discrepancy: 9.428090e-01
1.333333e+00 1.333333e+00 510


beta: 5.960464e-08
discrepancy: 9.428090e-01
1.333334e+00 1.333333e+00 511


beta: 1.192093e-07
discrepancy: 9.428090e-01
1.333333e+00 1.333333e+00 512


beta: 1.192093e-07
discrepancy: 9.428090e-01
1.333333e+00 1.333333e+00 513


beta: 5.960464e-08
discrepancy: 9.428090e-01
1.333334e+00 1.333333e+00 514


beta: 1.192093e-07
discrepancy: 9.428090e-01
1.333333e+00 1.333333e+00 515


beta: 1.192093e-07
discrepancy: 9.428090e-01
1.333333e+00 1.333333e+00 516


beta: 5.960464e-08
discrepancy: 9.428090e-01
1.333334e+00 1.333333e+00 517


beta: 1.192093e-07
discrepancy: 9.428090e-01
1.333333e+00 1.333333e+00 518


beta: 1.192093e-07
discrepancy: 9.428090e-01
1.333333e+00 1.333333e+00 519


beta: 5.960464e-08
discrepancy: 9.428090e-01
1.333334e+00 1.333333e+00 520


beta: 1.192093e-07
discrepancy: 9.428090e-01
1.333333e+00 1.333333e+00 521


beta: 1.192093e-07
discrepancy: 9.428090e-01
1.333333e+00 1.333333e+00 522


beta: 5.960464e-08
discrepancy: 9.428090e-01
1.333334e+00 1.333333e+00 523


beta: 1.192093e-07
discrepancy: 9.428090e-01
1.333333e+00 1.333333e+00 524


beta: 1.192093e-07
discrepancy: 9.428090e-01
1.333333e+00 1.333333e+00 525


beta: 5.960464e-08
discrepancy: 9.428090e-01
1.333334e+00 1.333333e+00 526


beta: 1.192093e-07
discrepancy: 9.428090e-01
1.333333e+00 1.333333e+00 527


beta: 1.192093e-07
discrepancy: 9.428090e-01
1.333333e+00 1.333333e+00 528


beta: 5.960464e-08
discrepancy: 9.428090e-01
1.333334e+00 1.333333e+00 529


beta: 1.192093e-07
discrepancy: 9.428090e-01
1.333333e+00 1.333333e+00 530


beta: 1.192093e-07
discrepancy: 9.428090e-01
1.333333e+00 1.333333e+00 531


beta: 5.960464e-08
discrepancy: 9.428090e-01
1.333334e+00 1.333333e+00 532


beta: 1.192093e-07
discrepancy: 9.428090e-01
1.333333e+00 1.333333e+00 533


beta: 1.192093e-07
discrepancy: 9.428090e-01
1.333333e+00 1.333333e+00 534


beta: 5.960464e-08
discrepancy: 9.428090e-01
1.333334e+00 1.333333e+00 535


beta: 1.192093e-07
discrepancy: 9.428090e-01
1.333333e+00 1.333333e+00 536


beta: 1.192093e-07
discrepancy: 9.428090e-01
1.333333e+00 1.333333e+00 537


beta: 5.960464e-08
discrepancy: 9.428090e-01
1.333334e+00 1.333333e+00 538


beta: 1.192093e-07
discrepancy: 9.428090e-01
1.333333e+00 1.333333e+00 539


beta: 1.192093e-07
discrepancy: 9.428090e-01
1.333333e+00 1.333333e+00 540


beta: 5.960464e-08
discrepancy: 9.428090e-01
1.333334e+00 1.333333e+00 541


beta: 1.192093e-07
discrepancy: 9.428090e-01
1.333333e+00 1.333333e+00 542


beta: 1.192093e-07
discrepancy: 9.428090e-01
1.333333e+00 1.333333e+00 543


beta: 5.960464e-08
discrepancy: 9.428090e-01
1.333334e+00 1.333333e+00 544


beta: 1.192093e-07
discrepancy: 9.428090e-01
1.333333e+00 1.333333e+00 545


beta: 1.192093e-07
discrepancy: 9.428090e-01
1.333333e+00 1.333333e+00 546


beta: 5.960464e-08
discrepancy: 9.428090e-01
1.333334e+00 1.333333e+00 547


beta: 1.192093e-07
discrepancy: 9.428090e-01
1.333333e+00 1.333333e+00 548


beta: 1.192093e-07
discrepancy: 9.428090e-01
1.333333e+00 1.333333e+00 549


beta: 5.960464e-08
discrepancy: 9.428090e-01
1.333334e+00 1.333333e+00 550


beta: 1.192093e-07
discrepancy: 9.428090e-01
1.333333e+00 1.333333e+00 551


beta: 1.192093e-07
discrepancy: 9.428090e-01
1.333333e+00 1.333333e+00 552


beta: 5.960464e-08
discrepancy: 9.428090e-01
1.333334e+00 1.333333e+00 553


beta: 1.192093e-07
discrepancy: 9.428090e-01
1.333333e+00 1.333333e+00 554


beta: 1.192093e-07
discrepancy: 9.428090e-01
1.333333e+00 1.333333e+00 555


beta: 5.960464e-08
discrepancy: 9.428090e-01
1.333334e+00 1.333333e+00 556


beta: 1.192093e-07
discrepancy: 9.428090e-01
1.333333e+00 1.333333e+00 557


beta: 1.192093e-07
discrepancy: 9.428090e-01
1.333333e+00 1.333333e+00 558


beta: 5.960464e-08
discrepancy: 9.428090e-01
1.333334e+00 1.333333e+00 559


beta: 1.192093e-07
discrepancy: 9.428090e-01
1.333333e+00 1.333333e+00 560


beta: 1.192093e-07
discrepancy: 9.428090e-01
1.333333e+00 1.333333e+00 561


beta: 5.960464e-08
discrepancy: 9.428090e-01
1.333334e+00 1.333333e+00 562


beta: 1.192093e-07
discrepancy: 9.428090e-01
1.333333e+00 1.333333e+00 563


beta: 1.192093e-07
discrepancy: 9.428090e-01
1.333333e+00 1.333333e+00 564


beta: 5.960464e-08
discrepancy: 9.428090e-01
1.333334e+00 1.333333e+00 565


beta: 1.192093e-07
discrepancy: 9.428090e-01
1.333333e+00 1.333333e+00 566


beta: 1.192093e-07
discrepancy: 9.428090e-01
1.333333e+00 1.333333e+00 567


beta: 5.960464e-08
discrepancy: 9.428090e-01
1.333334e+00 1.333333e+00 568


beta: 1.192093e-07
discrepancy: 9.428090e-01
1.333333e+00 1.333333e+00 569


beta: 1.192093e-07
discrepancy: 9.428090e-01
1.333333e+00 1.333333e+00 570


beta: 5.960464e-08
discrepancy: 9.428090e-01
1.333334e+00 1.333333e+00 571


beta: 1.192093e-07
discrepancy: 9.428090e-01
1.333333e+00 1.333333e+00 572


beta: 1.192093e-07
discrepancy: 9.428090e-01
1.333333e+00 1.333333e+00 573


beta: 5.960464e-08
discrepancy: 9.428090e-01
1.333334e+00 1.333333e+00 574


beta: 1.192093e-07
discrepancy: 9.428090e-01
1.333333e+00 1.333333e+00 575


beta: 1.192093e-07
discrepancy: 9.428090e-01
1.333333e+00 1.333333e+00 576


beta: 5.960464e-08
discrepancy: 9.428090e-01
1.333334e+00 1.333333e+00 577


beta: 1.192093e-07
discrepancy: 9.428090e-01
1.333333e+00 1.333333e+00 578


beta: 1.192093e-07
discrepancy: 9.428090e-01
1.333333e+00 1.333333e+00 579


beta: 5.960464e-08
discrepancy: 9.428090e-01
1.333334e+00 1.333333e+00 580


beta: 1.192093e-07
discrepancy: 9.428090e-01
1.333333e+00 1.333333e+00 581


beta: 1.192093e-07
discrepancy: 9.428090e-01
1.333333e+00 1.333333e+00 582


beta: 5.960464e-08
discrepancy: 9.428090e-01
1.333334e+00 1.333333e+00 583


beta: 1.192093e-07
discrepancy: 9.428090e-01
1.333333e+00 1.333333e+00 584


beta: 1.192093e-07
discrepancy: 9.428090e-01
1.333333e+00 1.333333e+00 585


beta: 5.960464e-08
discrepancy: 9.428090e-01
1.333334e+00 1.333333e+00 586


beta: 1.192093e-07
discrepancy: 9.428090e-01
1.333333e+00 1.333333e+00 587


beta: 1.192093e-07
discrepancy: 9.428090e-01
1.333333e+00 1.333333e+00 588


beta: 5.960464e-08
discrepancy: 9.428090e-01
1.333334e+00 1.333333e+00 589


beta: 1.192093e-07
discrepancy: 9.428090e-01
1.333333e+00 1.333333e+00 590


beta: 1.192093e-07
discrepancy: 9.428090e-01
1.333333e+00 1.333333e+00 591


beta: 5.960464e-08
discrepancy: 9.428090e-01
1.333334e+00 1.333333e+00 592


beta: 1.192093e-07
discrepancy: 9.428090e-01
1.333333e+00 1.333333e+00 593


beta: 1.192093e-07
discrepancy: 9.428090e-01
1.333333e+00 1.333333e+00 594


beta: 5.960464e-08
discrepancy: 9.428090e-01
1.333334e+00 1.333333e+00 595


beta: 1.192093e-07
discrepancy: 9.428090e-01
1.333333e+00 1.333333e+00 596


beta: 1.192093e-07
discrepancy: 9.428090e-01
1.333333e+00 1.333333e+00 597


beta: 5.960464e-08
discrepancy: 9.428090e-01
1.333334e+00 1.333333e+00 598


beta: 1.192093e-07
discrepancy: 9.428090e-01
1.333333e+00 1.333333e+00 599


beta: 1.192093e-07
discrepancy: 9.428090e-01
1.333333e+00 1.333333e+00 600


beta: 5.960464e-08
discrepancy: 9.428090e-01
1.333334e+00 1.333333e+00 601


beta: 1.192093e-07
discrepancy: 9.428090e-01
1.333333e+00 1.333333e+00 602


beta: 1.192093e-07
discrepancy: 9.428090e-01
1.333333e+00 1.333333e+00 603


beta: 5.960464e-08
discrepancy: 9.428090e-01
1.333334e+00 1.333333e+00 604


beta: 1.192093e-07
discrepancy: 9.428090e-01
1.333333e+00 1.333333e+00 605


beta: 1.192093e-07
discrepancy: 9.428090e-01
1.333333e+00 1.333333e+00 606


beta: 5.960464e-08
discrepancy: 9.428090e-01
1.333334e+00 1.333333e+00 607


beta: 1.192093e-07
discrepancy: 9.428090e-01
1.333333e+00 1.333333e+00 608


beta: 1.192093e-07
discrepancy: 9.428090e-01
1.333333e+00 1.333333e+00 609


beta: 5.960464e-08
discrepancy: 9.428090e-01
1.333334e+00 1.333333e+00 610


beta: 1.192093e-07
discrepancy: 9.428090e-01
1.333333e+00 1.333333e+00 611


beta: 1.192093e-07
discrepancy: 9.428090e-01
1.333333e+00 1.333333e+00 612


beta: 5.960464e-08
discrepancy: 9.428090e-01
1.333334e+00 1.333333e+00 613


beta: 1.192093e-07
discrepancy: 9.428090e-01
1.333333e+00 1.333333e+00 614


beta: 1.192093e-07
discrepancy: 9.428090e-01
1.333333e+00 1.333333e+00 615


beta: 5.960464e-08
discrepancy: 9.428090e-01
1.333334e+00 1.333333e+00 616


beta: 1.192093e-07
discrepancy: 9.428090e-01
1.333333e+00 1.333333e+00 617


beta: 1.192093e-07
discrepancy: 9.428090e-01
1.333333e+00 1.333333e+00 618


beta: 5.960464e-08
discrepancy: 9.428090e-01
1.333334e+00 1.333333e+00 619


beta: 1.192093e-07
discrepancy: 9.428090e-01
1.333333e+00 1.333333e+00 620


beta: 1.192093e-07
discrepancy: 9.428090e-01
1.333333e+00 1.333333e+00 621


beta: 5.960464e-08
discrepancy: 9.428090e-01
1.333334e+00 1.333333e+00 622


beta: 1.192093e-07
discrepancy: 9.428090e-01
1.333333e+00 1.333333e+00 623


beta: 1.192093e-07
discrepancy: 9.428090e-01
1.333333e+00 1.333333e+00 624


beta: 5.960464e-08
discrepancy: 9.428090e-01
1.333334e+00 1.333333e+00 625


beta: 1.192093e-07
discrepancy: 9.428090e-01
1.333333e+00 1.333333e+00 626


beta: 1.192093e-07
discrepancy: 9.428090e-01
1.333333e+00 1.333333e+00 627


beta: 5.960464e-08
discrepancy: 9.428090e-01
1.333334e+00 1.333333e+00 628


beta: 1.192093e-07
discrepancy: 9.428090e-01
1.333333e+00 1.333333e+00 629


beta: 1.192093e-07
discrepancy: 9.428090e-01
1.333333e+00 1.333333e+00 630


beta: 5.960464e-08
discrepancy: 9.428090e-01
1.333334e+00 1.333333e+00 631


beta: 1.192093e-07
discrepancy: 9.428090e-01
1.333333e+00 1.333333e+00 632


beta: 1.192093e-07
discrepancy: 9.428090e-01
1.333333e+00 1.333333e+00 633


beta: 5.960464e-08
discrepancy: 9.428090e-01
1.333334e+00 1.333333e+00 634


beta: 1.192093e-07
discrepancy: 9.428090e-01
1.333333e+00 1.333333e+00 635


beta: 1.192093e-07
discrepancy: 9.428090e-01
1.333333e+00 1.333333e+00 636


beta: 5.960464e-08
discrepancy: 9.428090e-01
1.333334e+00 1.333333e+00 637


beta: 1.192093e-07
discrepancy: 9.428090e-01
1.333333e+00 1.333333e+00 638


beta: 1.192093e-07
discrepancy: 9.428090e-01
1.333333e+00 1.333333e+00 639


beta: 5.960464e-08
discrepancy: 9.428090e-01
1.333334e+00 1.333333e+00 640


beta: 1.192093e-07
discrepancy: 9.428090e-01
1.333333e+00 1.333333e+00 641


beta: 1.192093e-07
discrepancy: 9.428090e-01
1.333333e+00 1.333333e+00 642


beta: 5.960464e-08
discrepancy: 9.428090e-01
1.333334e+00 1.333333e+00 643


beta: 1.192093e-07
discrepancy: 9.428090e-01
1.333333e+00 1.333333e+00 644


beta: 1.192093e-07
discrepancy: 9.428090e-01
1.333333e+00 1.333333e+00 645


beta: 5.960464e-08
discrepancy: 9.428090e-01
1.333334e+00 1.333333e+00 646


beta: 1.192093e-07
discrepancy: 9.428090e-01
1.333333e+00 1.333333e+00 647


beta: 1.192093e-07
discrepancy: 9.428090e-01
1.333333e+00 1.333333e+00 648


beta: 5.960464e-08
discrepancy: 9.428090e-01
1.333334e+00 1.333333e+00 649


beta: 1.192093e-07
discrepancy: 9.428090e-01
1.333333e+00 1.333333e+00 650


beta: 1.192093e-07
discrepancy: 9.428090e-01
1.333333e+00 1.333333e+00 651


beta: 5.960464e-08
discrepancy: 9.428090e-01
1.333334e+00 1.333333e+00 652


beta: 1.192093e-07
discrepancy: 9.428090e-01
1.333333e+00 1.333333e+00 653


beta: 1.192093e-07
discrepancy: 9.428090e-01
1.333333e+00 1.333333e+00 654


beta: 5.960464e-08
discrepancy: 9.428090e-01
1.333334e+00 1.333333e+00 655


beta: 1.192093e-07
discrepancy: 9.428090e-01
1.333333e+00 1.333333e+00 656


beta: 1.192093e-07
discrepancy: 9.428090e-01
1.333333e+00 1.333333e+00 657


beta: 5.960464e-08
discrepancy: 9.428090e-01
1.333334e+00 1.333333e+00 658


beta: 1.192093e-07
discrepancy: 9.428090e-01
1.333333e+00 1.333333e+00 659


beta: 1.192093e-07
discrepancy: 9.428090e-01
1.333333e+00 1.333333e+00 660


beta: 5.960464e-08
discrepancy: 9.428090e-01
1.333334e+00 1.333333e+00 661


beta: 1.192093e-07
discrepancy: 9.428090e-01
1.333333e+00 1.333333e+00 662


beta: 1.192093e-07
discrepancy: 9.428090e-01
1.333333e+00 1.333333e+00 663


beta: 5.960464e-08
discrepancy: 9.428090e-01
1.333334e+00 1.333333e+00 664


beta: 1.192093e-07
discrepancy: 9.428090e-01
1.333333e+00 1.333333e+00 665


beta: 1.192093e-07
discrepancy: 9.428090e-01
1.333333e+00 1.333333e+00 666


beta: 5.960464e-08
discrepancy: 9.428090e-01
1.333334e+00 1.333333e+00 667


beta: 1.192093e-07
discrepancy: 9.428090e-01
1.333333e+00 1.333333e+00 668


beta: 1.192093e-07
discrepancy: 9.428090e-01
1.333333e+00 1.333333e+00 669


beta: 5.960464e-08
discrepancy: 9.428090e-01
1.333334e+00 1.333333e+00 670


beta: 1.192093e-07
discrepancy: 9.428090e-01
1.333333e+00 1.333333e+00 671


beta: 1.192093e-07
discrepancy: 9.428090e-01
1.333333e+00 1.333333e+00 672


beta: 5.960464e-08
discrepancy: 9.428090e-01
1.333334e+00 1.333333e+00 673


beta: 1.192093e-07
discrepancy: 9.428090e-01
1.333333e+00 1.333333e+00 674


beta: 1.192093e-07
discrepancy: 9.428090e-01
1.333333e+00 1.333333e+00 675


beta: 5.960464e-08
discrepancy: 9.428090e-01
1.333334e+00 1.333333e+00 676


beta: 1.192093e-07
discrepancy: 9.428090e-01
1.333333e+00 1.333333e+00 677


beta: 1.192093e-07
discrepancy: 9.428090e-01
1.333333e+00 1.333333e+00 678


beta: 5.960464e-08
discrepancy: 9.428090e-01
1.333334e+00 1.333333e+00 679


beta: 1.192093e-07
discrepancy: 9.428090e-01
1.333333e+00 1.333333e+00 680


beta: 1.192093e-07
discrepancy: 9.428090e-01
1.333333e+00 1.333333e+00 681


beta: 5.960464e-08
discrepancy: 9.428090e-01
1.333334e+00 1.333333e+00 682


beta: 1.192093e-07
discrepancy: 9.428090e-01
1.333333e+00 1.333333e+00 683


beta: 1.192093e-07
discrepancy: 9.428090e-01
1.333333e+00 1.333333e+00 684


beta: 5.960464e-08
discrepancy: 9.428090e-01
1.333334e+00 1.333333e+00 685


beta: 1.192093e-07
discrepancy: 9.428090e-01
1.333333e+00 1.333333e+00 686


beta: 1.192093e-07
discrepancy: 9.428090e-01
1.333333e+00 1.333333e+00 687


beta: 5.960464e-08
discrepancy: 9.428090e-01
1.333334e+00 1.333333e+00 688


beta: 1.192093e-07
discrepancy: 9.428090e-01
1.333333e+00 1.333333e+00 689


beta: 1.192093e-07
discrepancy: 9.428090e-01
1.333333e+00 1.333333e+00 690


beta: 5.960464e-08
discrepancy: 9.428090e-01
1.333334e+00 1.333333e+00 691


beta: 1.192093e-07
discrepancy: 9.428090e-01
1.333333e+00 1.333333e+00 692


beta: 1.192093e-07
discrepancy: 9.428090e-01
1.333333e+00 1.333333e+00 693


beta: 5.960464e-08
discrepancy: 9.428090e-01
1.333334e+00 1.333333e+00 694


beta: 1.192093e-07
discrepancy: 9.428090e-01
1.333333e+00 1.333333e+00 695


beta: 1.192093e-07
discrepancy: 9.428090e-01
1.333333e+00 1.333333e+00 696


beta: 5.960464e-08
discrepancy: 9.428090e-01
1.333334e+00 1.333333e+00 697


beta: 1.192093e-07
discrepancy: 9.428090e-01
1.333333e+00 1.333333e+00 698


beta: 1.192093e-07
discrepancy: 9.428090e-01
1.333333e+00 1.333333e+00 699


beta: 5.960464e-08
discrepancy: 9.428090e-01
1.333334e+00 1.333333e+00 700


beta: 1.192093e-07
discrepancy: 9.428090e-01
1.333333e+00 1.333333e+00 701


beta: 1.192093e-07
discrepancy: 9.428090e-01
1.333333e+00 1.333333e+00 702


beta: 5.960464e-08
discrepancy: 9.428090e-01
1.333334e+00 1.333333e+00 703


beta: 1.192093e-07
discrepancy: 9.428090e-01
1.333333e+00 1.333333e+00 704


beta: 1.192093e-07
discrepancy: 9.428090e-01
1.333333e+00 1.333333e+00 705


beta: 5.960464e-08
discrepancy: 9.428090e-01
1.333334e+00 1.333333e+00 706


beta: 1.192093e-07
discrepancy: 9.428090e-01
1.333333e+00 1.333333e+00 707


beta: 1.192093e-07
discrepancy: 9.428090e-01
1.333333e+00 1.333333e+00 708


beta: 5.960464e-08
discrepancy: 9.428090e-01
1.333334e+00 1.333333e+00 709


beta: 1.192093e-07
discrepancy: 9.428090e-01
1.333333e+00 1.333333e+00 710


beta: 1.192093e-07
discrepancy: 9.428090e-01
1.333333e+00 1.333333e+00 711


beta: 5.960464e-08
discrepancy: 9.428090e-01
1.333334e+00 1.333333e+00 712


beta: 1.192093e-07
discrepancy: 9.428090e-01
1.333333e+00 1.333333e+00 713


beta: 1.192093e-07
discrepancy: 9.428090e-01
1.333333e+00 1.333333e+00 714


beta: 5.960464e-08
discrepancy: 9.428090e-01
1.333334e+00 1.333333e+00 715


beta: 1.192093e-07
discrepancy: 9.428090e-01
1.333333e+00 1.333333e+00 716


beta: 1.192093e-07
discrepancy: 9.428090e-01
1.333333e+00 1.333333e+00 717


beta: 5.960464e-08
discrepancy: 9.428090e-01
1.333334e+00 1.333333e+00 718


beta: 1.192093e-07
discrepancy: 9.428090e-01
1.333333e+00 1.333333e+00 719


beta: 1.192093e-07
discrepancy: 9.428090e-01
1.333333e+00 1.333333e+00 720


beta: 5.960464e-08
discrepancy: 9.428090e-01
1.333334e+00 1.333333e+00 721


beta: 1.192093e-07
discrepancy: 9.428090e-01
1.333333e+00 1.333333e+00 722


beta: 1.192093e-07
discrepancy: 9.428090e-01
1.333333e+00 1.333333e+00 723


beta: 5.960464e-08
discrepancy: 9.428090e-01
1.333334e+00 1.333333e+00 724


beta: 1.192093e-07
discrepancy: 9.428090e-01
1.333333e+00 1.333333e+00 725


beta: 1.192093e-07
discrepancy: 9.428090e-01
1.333333e+00 1.333333e+00 726


beta: 5.960464e-08
discrepancy: 9.428090e-01
1.333334e+00 1.333333e+00 727


beta: 1.192093e-07
discrepancy: 9.428090e-01
1.333333e+00 1.333333e+00 728


beta: 1.192093e-07
discrepancy: 9.428090e-01
1.333333e+00 1.333333e+00 729


beta: 5.960464e-08
discrepancy: 9.428090e-01
1.333334e+00 1.333333e+00 730


beta: 1.192093e-07
discrepancy: 9.428090e-01
1.333333e+00 1.333333e+00 731


beta: 1.192093e-07
discrepancy: 9.428090e-01
1.333333e+00 1.333333e+00 732


beta: 5.960464e-08
discrepancy: 9.428090e-01
1.333334e+00 1.333333e+00 733


beta: 1.192093e-07
discrepancy: 9.428090e-01
1.333333e+00 1.333333e+00 734


beta: 1.192093e-07
discrepancy: 9.428090e-01
1.333333e+00 1.333333e+00 735


beta: 5.960464e-08
discrepancy: 9.428090e-01
1.333334e+00 1.333333e+00 736


beta: 1.192093e-07
discrepancy: 9.428090e-01
1.333333e+00 1.333333e+00 737


beta: 1.192093e-07
discrepancy: 9.428090e-01
1.333333e+00 1.333333e+00 738


beta: 5.960464e-08
discrepancy: 9.428090e-01
1.333334e+00 1.333333e+00 739


beta: 1.192093e-07
discrepancy: 9.428090e-01
1.333333e+00 1.333333e+00 740


beta: 1.192093e-07
discrepancy: 9.428090e-01
1.333333e+00 1.333333e+00 741


beta: 5.960464e-08
discrepancy: 9.428090e-01
1.333334e+00 1.333333e+00 742


beta: 1.192093e-07
discrepancy: 9.428090e-01
1.333333e+00 1.333333e+00 743


beta: 1.192093e-07
discrepancy: 9.428090e-01
1.333333e+00 1.333333e+00 744


beta: 5.960464e-08
discrepancy: 9.428090e-01
1.333334e+00 1.333333e+00 745


beta: 1.192093e-07
discrepancy: 9.428090e-01
1.333333e+00 1.333333e+00 746


beta: 1.192093e-07
discrepancy: 9.428090e-01
1.333333e+00 1.333333e+00 747


beta: 5.960464e-08
discrepancy: 9.428090e-01
1.333334e+00 1.333333e+00 748


beta: 1.192093e-07
discrepancy: 9.428090e-01
1.333333e+00 1.333333e+00 749


beta: 1.192093e-07
discrepancy: 9.428090e-01
1.333333e+00 1.333333e+00 750


beta: 5.960464e-08
discrepancy: 9.428090e-01
1.333334e+00 1.333333e+00 751


beta: 1.192093e-07
discrepancy: 9.428090e-01
1.333333e+00 1.333333e+00 752


beta: 1.192093e-07
discrepancy: 9.428090e-01
1.333333e+00 1.333333e+00 753


beta: 5.960464e-08
discrepancy: 9.428090e-01
1.333334e+00 1.333333e+00 754


beta: 1.192093e-07
discrepancy: 9.428090e-01
1.333333e+00 1.333333e+00 755


beta: 1.192093e-07
discrepancy: 9.428090e-01
1.333333e+00 1.333333e+00 756


beta: 5.960464e-08
discrepancy: 9.428090e-01
1.333334e+00 1.333333e+00 757


beta: 1.192093e-07
discrepancy: 9.428090e-01
1.333333e+00 1.333333e+00 758


beta: 1.192093e-07
discrepancy: 9.428090e-01
1.333333e+00 1.333333e+00 759


beta: 5.960464e-08
discrepancy: 9.428090e-01
1.333334e+00 1.333333e+00 760


beta: 1.192093e-07
discrepancy: 9.428090e-01
1.333333e+00 1.333333e+00 761


beta: 1.192093e-07
discrepancy: 9.428090e-01
1.333333e+00 1.333333e+00 762


beta: 5.960464e-08
discrepancy: 9.428090e-01
1.333334e+00 1.333333e+00 763


beta: 1.192093e-07
discrepancy: 9.428090e-01
1.333333e+00 1.333333e+00 764


beta: 1.192093e-07
discrepancy: 9.428090e-01
1.333333e+00 1.333333e+00 765


beta: 5.960464e-08
discrepancy: 9.428090e-01
1.333334e+00 1.333333e+00 766


beta: 1.192093e-07
discrepancy: 9.428090e-01
1.333333e+00 1.333333e+00 767


beta: 1.192093e-07
discrepancy: 9.428090e-01
1.333333e+00 1.333333e+00 768


beta: 5.960464e-08
discrepancy: 9.428090e-01
1.333334e+00 1.333333e+00 769


beta: 1.192093e-07
discrepancy: 9.428090e-01
1.333333e+00 1.333333e+00 770


beta: 1.192093e-07
discrepancy: 9.428090e-01
1.333333e+00 1.333333e+00 771


beta: 5.960464e-08
discrepancy: 9.428090e-01
1.333334e+00 1.333333e+00 772


beta: 1.192093e-07
discrepancy: 9.428090e-01
1.333333e+00 1.333333e+00 773


beta: 1.192093e-07
discrepancy: 9.428090e-01
1.333333e+00 1.333333e+00 774


beta: 5.960464e-08
discrepancy: 9.428090e-01
1.333334e+00 1.333333e+00 775


beta: 1.192093e-07
discrepancy: 9.428090e-01
1.333333e+00 1.333333e+00 776


beta: 1.192093e-07
discrepancy: 9.428090e-01
1.333333e+00 1.333333e+00 777


beta: 5.960464e-08
discrepancy: 9.428090e-01
1.333334e+00 1.333333e+00 778


beta: 1.192093e-07
discrepancy: 9.428090e-01
1.333333e+00 1.333333e+00 779


beta: 1.192093e-07
discrepancy: 9.428090e-01
1.333333e+00 1.333333e+00 780


beta: 5.960464e-08
discrepancy: 9.428090e-01
1.333334e+00 1.333333e+00 781


beta: 1.192093e-07
discrepancy: 9.428090e-01
1.333333e+00 1.333333e+00 782


beta: 1.192093e-07
discrepancy: 9.428090e-01
1.333333e+00 1.333333e+00 783


beta: 5.960464e-08
discrepancy: 9.428090e-01
1.333334e+00 1.333333e+00 784


beta: 1.192093e-07
discrepancy: 9.428090e-01
1.333333e+00 1.333333e+00 785


beta: 1.192093e-07
discrepancy: 9.428090e-01
1.333333e+00 1.333333e+00 786


beta: 5.960464e-08
discrepancy: 9.428090e-01
1.333334e+00 1.333333e+00 787


beta: 1.192093e-07
discrepancy: 9.428090e-01
1.333333e+00 1.333333e+00 788


beta: 1.192093e-07
discrepancy: 9.428090e-01
1.333333e+00 1.333333e+00 789


beta: 5.960464e-08
discrepancy: 9.428090e-01
1.333334e+00 1.333333e+00 790


beta: 1.192093e-07
discrepancy: 9.428090e-01
1.333333e+00 1.333333e+00 791


beta: 1.192093e-07
discrepancy: 9.428090e-01
1.333333e+00 1.333333e+00 792


beta: 5.960464e-08
discrepancy: 9.428090e-01
1.333334e+00 1.333333e+00 793


beta: 1.192093e-07
discrepancy: 9.428090e-01
1.333333e+00 1.333333e+00 794


beta: 1.192093e-07
discrepancy: 9.428090e-01
1.333333e+00 1.333333e+00 795


beta: 5.960464e-08
discrepancy: 9.428090e-01
1.333334e+00 1.333333e+00 796


beta: 1.192093e-07
discrepancy: 9.428090e-01
1.333333e+00 1.333333e+00 797


beta: 1.192093e-07
discrepancy: 9.428090e-01
1.333333e+00 1.333333e+00 798


beta: 5.960464e-08
discrepancy: 9.428090e-01
1.333334e+00 1.333333e+00 799


beta: 1.192093e-07
discrepancy: 9.428090e-01
1.333333e+00 1.333333e+00 800


beta: 1.192093e-07
discrepancy: 9.428090e-01
1.333333e+00 1.333333e+00 801


beta: 5.960464e-08
discrepancy: 9.428090e-01
1.333334e+00 1.333333e+00 802


beta: 1.192093e-07
discrepancy: 9.428090e-01
1.333333e+00 1.333333e+00 803


beta: 1.192093e-07
discrepancy: 9.428090e-01
1.333333e+00 1.333333e+00 804


beta: 5.960464e-08
discrepancy: 9.428090e-01
1.333334e+00 1.333333e+00 805


beta: 1.192093e-07
discrepancy: 9.428090e-01
1.333333e+00 1.333333e+00 806


beta: 1.192093e-07
discrepancy: 9.428090e-01
1.333333e+00 1.333333e+00 807


beta: 5.960464e-08
discrepancy: 9.428090e-01
1.333334e+00 1.333333e+00 808


beta: 1.192093e-07
discrepancy: 9.428090e-01
1.333333e+00 1.333333e+00 809


beta: 1.192093e-07
discrepancy: 9.428090e-01
1.333333e+00 1.333333e+00 810


beta: 5.960464e-08
discrepancy: 9.428090e-01
1.333334e+00 1.333333e+00 811


beta: 1.192093e-07
discrepancy: 9.428090e-01
1.333333e+00 1.333333e+00 812


beta: 1.192093e-07
discrepancy: 9.428090e-01
1.333333e+00 1.333333e+00 813


beta: 5.960464e-08
discrepancy: 9.428090e-01
1.333334e+00 1.333333e+00 814


beta: 1.192093e-07
discrepancy: 9.428090e-01
1.333333e+00 1.333333e+00 815


beta: 1.192093e-07
discrepancy: 9.428090e-01
1.333333e+00 1.333333e+00 816


beta: 5.960464e-08
discrepancy: 9.428090e-01
1.333334e+00 1.333333e+00 817


beta: 1.192093e-07
discrepancy: 9.428090e-01
1.333333e+00 1.333333e+00 818


beta: 1.192093e-07
discrepancy: 9.428090e-01
1.333333e+00 1.333333e+00 819


beta: 5.960464e-08
discrepancy: 9.428090e-01
1.333334e+00 1.333333e+00 820


beta: 1.192093e-07
discrepancy: 9.428090e-01
1.333333e+00 1.333333e+00 821


beta: 1.192093e-07
discrepancy: 9.428090e-01
1.333333e+00 1.333333e+00 822


beta: 5.960464e-08
discrepancy: 9.428090e-01
1.333334e+00 1.333333e+00 823


beta: 1.192093e-07
discrepancy: 9.428090e-01
1.333333e+00 1.333333e+00 824


beta: 1.192093e-07
discrepancy: 9.428090e-01
1.333333e+00 1.333333e+00 825


beta: 5.960464e-08
discrepancy: 9.428090e-01
1.333334e+00 1.333333e+00 826


beta: 1.192093e-07
discrepancy: 9.428090e-01
1.333333e+00 1.333333e+00 827


beta: 1.192093e-07
discrepancy: 9.428090e-01
1.333333e+00 1.333333e+00 828


beta: 5.960464e-08
discrepancy: 9.428090e-01
1.333334e+00 1.333333e+00 829


beta: 1.192093e-07
discrepancy: 9.428090e-01
1.333333e+00 1.333333e+00 830


beta: 1.192093e-07
discrepancy: 9.428090e-01
1.333333e+00 1.333333e+00 831


beta: 5.960464e-08
discrepancy: 9.428090e-01
1.333334e+00 1.333333e+00 832


beta: 1.192093e-07
discrepancy: 9.428090e-01
1.333333e+00 1.333333e+00 833


beta: 1.192093e-07
discrepancy: 9.428090e-01
1.333333e+00 1.333333e+00 834


beta: 5.960464e-08
discrepancy: 9.428090e-01
1.333334e+00 1.333333e+00 835


beta: 1.192093e-07
discrepancy: 9.428090e-01
1.333333e+00 1.333333e+00 836


beta: 1.192093e-07
discrepancy: 9.428090e-01
1.333333e+00 1.333333e+00 837


beta: 5.960464e-08
discrepancy: 9.428090e-01
1.333334e+00 1.333333e+00 838


beta: 1.192093e-07
discrepancy: 9.428090e-01
1.333333e+00 1.333333e+00 839


beta: 1.192093e-07
discrepancy: 9.428090e-01
1.333333e+00 1.333333e+00 840


beta: 5.960464e-08
discrepancy: 9.428090e-01
1.333334e+00 1.333333e+00 841


beta: 1.192093e-07
discrepancy: 9.428090e-01
1.333333e+00 1.333333e+00 842


beta: 1.192093e-07
discrepancy: 9.428090e-01
1.333333e+00 1.333333e+00 843


beta: 5.960464e-08
discrepancy: 9.428090e-01
1.333334e+00 1.333333e+00 844


beta: 1.192093e-07
discrepancy: 9.428090e-01
1.333333e+00 1.333333e+00 845


beta: 1.192093e-07
discrepancy: 9.428090e-01
1.333333e+00 1.333333e+00 846


beta: 5.960464e-08
discrepancy: 9.428090e-01
1.333334e+00 1.333333e+00 847


beta: 1.192093e-07
discrepancy: 9.428090e-01
1.333333e+00 1.333333e+00 848


beta: 1.192093e-07
discrepancy: 9.428090e-01
1.333333e+00 1.333333e+00 849


beta: 5.960464e-08
discrepancy: 9.428090e-01
1.333334e+00 1.333333e+00 850


beta: 1.192093e-07
discrepancy: 9.428090e-01
1.333333e+00 1.333333e+00 851


beta: 1.192093e-07
discrepancy: 9.428090e-01
1.333333e+00 1.333333e+00 852


beta: 5.960464e-08
discrepancy: 9.428090e-01
1.333334e+00 1.333333e+00 853


beta: 1.192093e-07
discrepancy: 9.428090e-01
1.333333e+00 1.333333e+00 854


beta: 1.192093e-07
discrepancy: 9.428090e-01
1.333333e+00 1.333333e+00 855


beta: 5.960464e-08
discrepancy: 9.428090e-01
1.333334e+00 1.333333e+00 856


beta: 1.192093e-07
discrepancy: 9.428090e-01
1.333333e+00 1.333333e+00 857


beta: 1.192093e-07
discrepancy: 9.428090e-01
1.333333e+00 1.333333e+00 858


beta: 5.960464e-08
discrepancy: 9.428090e-01
1.333334e+00 1.333333e+00 859


beta: 1.192093e-07
discrepancy: 9.428090e-01
1.333333e+00 1.333333e+00 860


beta: 1.192093e-07
discrepancy: 9.428090e-01
1.333333e+00 1.333333e+00 861


beta: 5.960464e-08
discrepancy: 9.428090e-01
1.333334e+00 1.333333e+00 862


beta: 1.192093e-07
discrepancy: 9.428090e-01
1.333333e+00 1.333333e+00 863


beta: 1.192093e-07
discrepancy: 9.428090e-01
1.333333e+00 1.333333e+00 864


beta: 5.960464e-08
discrepancy: 9.428090e-01
1.333334e+00 1.333333e+00 865


beta: 1.192093e-07
discrepancy: 9.428090e-01
1.333333e+00 1.333333e+00 866


beta: 1.192093e-07
discrepancy: 9.428090e-01
1.333333e+00 1.333333e+00 867


beta: 5.960464e-08
discrepancy: 9.428090e-01
1.333334e+00 1.333333e+00 868


beta: 1.192093e-07
discrepancy: 9.428090e-01
1.333333e+00 1.333333e+00 869


beta: 1.192093e-07
discrepancy: 9.428090e-01
1.333333e+00 1.333333e+00 870


beta: 5.960464e-08
discrepancy: 9.428090e-01
1.333334e+00 1.333333e+00 871


beta: 1.192093e-07
discrepancy: 9.428090e-01
1.333333e+00 1.333333e+00 872


beta: 1.192093e-07
discrepancy: 9.428090e-01
1.333333e+00 1.333333e+00 873


beta: 5.960464e-08
discrepancy: 9.428090e-01
1.333334e+00 1.333333e+00 874


beta: 1.192093e-07
discrepancy: 9.428090e-01
1.333333e+00 1.333333e+00 875


beta: 1.192093e-07
discrepancy: 9.428090e-01
1.333333e+00 1.333333e+00 876


beta: 5.960464e-08
discrepancy: 9.428090e-01
1.333334e+00 1.333333e+00 877


beta: 1.192093e-07
discrepancy: 9.428090e-01
1.333333e+00 1.333333e+00 878


beta: 1.192093e-07
discrepancy: 9.428090e-01
1.333333e+00 1.333333e+00 879


beta: 5.960464e-08
discrepancy: 9.428090e-01
1.333334e+00 1.333333e+00 880


beta: 1.192093e-07
discrepancy: 9.428090e-01
1.333333e+00 1.333333e+00 881


beta: 1.192093e-07
discrepancy: 9.428090e-01
1.333333e+00 1.333333e+00 882


beta: 5.960464e-08
discrepancy: 9.428090e-01
1.333334e+00 1.333333e+00 883


beta: 1.192093e-07
discrepancy: 9.428090e-01
1.333333e+00 1.333333e+00 884


beta: 1.192093e-07
discrepancy: 9.428090e-01
1.333333e+00 1.333333e+00 885


beta: 5.960464e-08
discrepancy: 9.428090e-01
1.333334e+00 1.333333e+00 886


beta: 1.192093e-07
discrepancy: 9.428090e-01
1.333333e+00 1.333333e+00 887


beta: 1.192093e-07
discrepancy: 9.428090e-01
1.333333e+00 1.333333e+00 888


beta: 5.960464e-08
discrepancy: 9.428090e-01
1.333334e+00 1.333333e+00 889


beta: 1.192093e-07
discrepancy: 9.428090e-01
1.333333e+00 1.333333e+00 890


beta: 1.192093e-07
discrepancy: 9.428090e-01
1.333333e+00 1.333333e+00 891


beta: 5.960464e-08
discrepancy: 9.428090e-01
1.333334e+00 1.333333e+00 892


beta: 1.192093e-07
discrepancy: 9.428090e-01
1.333333e+00 1.333333e+00 893


beta: 1.192093e-07
discrepancy: 9.428090e-01
1.333333e+00 1.333333e+00 894


beta: 5.960464e-08
discrepancy: 9.428090e-01
1.333334e+00 1.333333e+00 895


beta: 1.192093e-07
discrepancy: 9.428090e-01
1.333333e+00 1.333333e+00 896


beta: 1.192093e-07
discrepancy: 9.428090e-01
1.333333e+00 1.333333e+00 897


beta: 5.960464e-08
discrepancy: 9.428090e-01
1.333334e+00 1.333333e+00 898


beta: 1.192093e-07
discrepancy: 9.428090e-01
1.333333e+00 1.333333e+00 899


beta: 1.192093e-07
discrepancy: 9.428090e-01
1.333333e+00 1.333333e+00 900


beta: 5.960464e-08
discrepancy: 9.428090e-01
1.333334e+00 1.333333e+00 901


beta: 1.192093e-07
discrepancy: 9.428090e-01
1.333333e+00 1.333333e+00 902


beta: 1.192093e-07
discrepancy: 9.428090e-01
1.333333e+00 1.333333e+00 903


beta: 5.960464e-08
discrepancy: 9.428090e-01
1.333334e+00 1.333333e+00 904


beta: 1.192093e-07
discrepancy: 9.428090e-01
1.333333e+00 1.333333e+00 905


beta: 1.192093e-07
discrepancy: 9.428090e-01
1.333333e+00 1.333333e+00 906


beta: 5.960464e-08
discrepancy: 9.428090e-01
1.333334e+00 1.333333e+00 907


beta: 1.192093e-07
discrepancy: 9.428090e-01
1.333333e+00 1.333333e+00 908


beta: 1.192093e-07
discrepancy: 9.428090e-01
1.333333e+00 1.333333e+00 909


beta: 5.960464e-08
discrepancy: 9.428090e-01
1.333334e+00 1.333333e+00 910


beta: 1.192093e-07
discrepancy: 9.428090e-01
1.333333e+00 1.333333e+00 911


beta: 1.192093e-07
discrepancy: 9.428090e-01
1.333333e+00 1.333333e+00 912


beta: 5.960464e-08
discrepancy: 9.428090e-01
1.333334e+00 1.333333e+00 913


beta: 1.192093e-07
discrepancy: 9.428090e-01
1.333333e+00 1.333333e+00 914


beta: 1.192093e-07
discrepancy: 9.428090e-01
1.333333e+00 1.333333e+00 915


beta: 5.960464e-08
discrepancy: 9.428090e-01
1.333334e+00 1.333333e+00 916


beta: 1.192093e-07
discrepancy: 9.428090e-01
1.333333e+00 1.333333e+00 917


beta: 1.192093e-07
discrepancy: 9.428090e-01
1.333333e+00 1.333333e+00 918


beta: 5.960464e-08
discrepancy: 9.428090e-01
1.333334e+00 1.333333e+00 919


beta: 1.192093e-07
discrepancy: 9.428090e-01
1.333333e+00 1.333333e+00 920


beta: 1.192093e-07
discrepancy: 9.428090e-01
1.333333e+00 1.333333e+00 921


beta: 5.960464e-08
discrepancy: 9.428090e-01
1.333334e+00 1.333333e+00 922


beta: 1.192093e-07
discrepancy: 9.428090e-01
1.333333e+00 1.333333e+00 923


beta: 1.192093e-07
discrepancy: 9.428090e-01
1.333333e+00 1.333333e+00 924


beta: 5.960464e-08
discrepancy: 9.428090e-01
1.333334e+00 1.333333e+00 925


beta: 1.192093e-07
discrepancy: 9.428090e-01
1.333333e+00 1.333333e+00 926


beta: 1.192093e-07
discrepancy: 9.428090e-01
1.333333e+00 1.333333e+00 927


beta: 5.960464e-08
discrepancy: 9.428090e-01
1.333334e+00 1.333333e+00 928


beta: 1.192093e-07
discrepancy: 9.428090e-01
1.333333e+00 1.333333e+00 929


beta: 1.192093e-07
discrepancy: 9.428090e-01
1.333333e+00 1.333333e+00 930


beta: 5.960464e-08
discrepancy: 9.428090e-01
1.333334e+00 1.333333e+00 931


beta: 1.192093e-07
discrepancy: 9.428090e-01
1.333333e+00 1.333333e+00 932


beta: 1.192093e-07
discrepancy: 9.428090e-01
1.333333e+00 1.333333e+00 933


beta: 5.960464e-08
discrepancy: 9.428090e-01
1.333334e+00 1.333333e+00 934


beta: 1.192093e-07
discrepancy: 9.428090e-01
1.333333e+00 1.333333e+00 935


beta: 1.192093e-07
discrepancy: 9.428090e-01
1.333333e+00 1.333333e+00 936


beta: 5.960464e-08
discrepancy: 9.428090e-01
1.333334e+00 1.333333e+00 937


beta: 1.192093e-07
discrepancy: 9.428090e-01
1.333333e+00 1.333333e+00 938


beta: 1.192093e-07
discrepancy: 9.428090e-01
1.333333e+00 1.333333e+00 939


beta: 5.960464e-08
discrepancy: 9.428090e-01
1.333334e+00 1.333333e+00 940


beta: 1.192093e-07
discrepancy: 9.428090e-01
1.333333e+00 1.333333e+00 941


beta: 1.192093e-07
discrepancy: 9.428090e-01
1.333333e+00 1.333333e+00 942


beta: 5.960464e-08
discrepancy: 9.428090e-01
1.333334e+00 1.333333e+00 943


beta: 1.192093e-07
discrepancy: 9.428090e-01
1.333333e+00 1.333333e+00 944


beta: 1.192093e-07
discrepancy: 9.428090e-01
1.333333e+00 1.333333e+00 945


beta: 5.960464e-08
discrepancy: 9.428090e-01
1.333334e+00 1.333333e+00 946


beta: 1.192093e-07
discrepancy: 9.428090e-01
1.333333e+00 1.333333e+00 947


beta: 1.192093e-07
discrepancy: 9.428090e-01
1.333333e+00 1.333333e+00 948


beta: 5.960464e-08
discrepancy: 9.428090e-01
1.333334e+00 1.333333e+00 949


beta: 1.192093e-07
discrepancy: 9.428090e-01
1.333333e+00 1.333333e+00 950


beta: 1.192093e-07
discrepancy: 9.428090e-01
1.333333e+00 1.333333e+00 951


beta: 5.960464e-08
discrepancy: 9.428090e-01
1.333334e+00 1.333333e+00 952


beta: 1.192093e-07
discrepancy: 9.428090e-01
1.333333e+00 1.333333e+00 953


beta: 1.192093e-07
discrepancy: 9.428090e-01
1.333333e+00 1.333333e+00 954


beta: 5.960464e-08
discrepancy: 9.428090e-01
1.333334e+00 1.333333e+00 955


beta: 1.192093e-07
discrepancy: 9.428090e-01
1.333333e+00 1.333333e+00 956


beta: 1.192093e-07
discrepancy: 9.428090e-01
1.333333e+00 1.333333e+00 957


beta: 5.960464e-08
discrepancy: 9.428090e-01
1.333334e+00 1.333333e+00 958


beta: 1.192093e-07
discrepancy: 9.428090e-01
1.333333e+00 1.333333e+00 959


beta: 1.192093e-07
discrepancy: 9.428090e-01
1.333333e+00 1.333333e+00 960


beta: 5.960464e-08
discrepancy: 9.428090e-01
1.333334e+00 1.333333e+00 961


beta: 1.192093e-07
discrepancy: 9.428090e-01
1.333333e+00 1.333333e+00 962


beta: 1.192093e-07
discrepancy: 9.428090e-01
1.333333e+00 1.333333e+00 963


beta: 5.960464e-08
discrepancy: 9.428090e-01
1.333334e+00 1.333333e+00 964


beta: 1.192093e-07
discrepancy: 9.428090e-01
1.333333e+00 1.333333e+00 965


beta: 1.192093e-07
discrepancy: 9.428090e-01
1.333333e+00 1.333333e+00 966


beta: 5.960464e-08
discrepancy: 9.428090e-01
1.333334e+00 1.333333e+00 967


beta: 1.192093e-07
discrepancy: 9.428090e-01
1.333333e+00 1.333333e+00 968


beta: 1.192093e-07
discrepancy: 9.428090e-01
1.333333e+00 1.333333e+00 969


beta: 5.960464e-08
discrepancy: 9.428090e-01
1.333334e+00 1.333333e+00 970


beta: 1.192093e-07
discrepancy: 9.428090e-01
1.333333e+00 1.333333e+00 971


beta: 1.192093e-07
discrepancy: 9.428090e-01
1.333333e+00 1.333333e+00 972


beta: 5.960464e-08
discrepancy: 9.428090e-01
1.333334e+00 1.333333e+00 973


beta: 1.192093e-07
discrepancy: 9.428090e-01
1.333333e+00 1.333333e+00 974


beta: 1.192093e-07
discrepancy: 9.428090e-01
1.333333e+00 1.333333e+00 975


beta: 5.960464e-08
discrepancy: 9.428090e-01
1.333334e+00 1.333333e+00 976


beta: 1.192093e-07
discrepancy: 9.428090e-01
1.333333e+00 1.333333e+00 977


beta: 1.192093e-07
discrepancy: 9.428090e-01
1.333333e+00 1.333333e+00 978


beta: 5.960464e-08
discrepancy: 9.428090e-01
1.333334e+00 1.333333e+00 979


beta: 1.192093e-07
discrepancy: 9.428090e-01
1.333333e+00 1.333333e+00 980


beta: 1.192093e-07
discrepancy: 9.428090e-01
1.333333e+00 1.333333e+00 981


beta: 5.960464e-08
discrepancy: 9.428090e-01
1.333334e+00 1.333333e+00 982


beta: 1.192093e-07
discrepancy: 9.428090e-01
1.333333e+00 1.333333e+00 983


beta: 1.192093e-07
discrepancy: 9.428090e-01
1.333333e+00 1.333333e+00 984


beta: 5.960464e-08
discrepancy: 9.428090e-01
1.333334e+00 1.333333e+00 985


beta: 1.192093e-07
discrepancy: 9.428090e-01
1.333333e+00 1.333333e+00 986


beta: 1.192093e-07
discrepancy: 9.428090e-01
1.333333e+00 1.333333e+00 987


beta: 5.960464e-08
discrepancy: 9.428090e-01
1.333334e+00 1.333333e+00 988


beta: 1.192093e-07
discrepancy: 9.428090e-01
1.333333e+00 1.333333e+00 989


beta: 1.192093e-07
discrepancy: 9.428090e-01
1.333333e+00 1.333333e+00 990


beta: 5.960464e-08
discrepancy: 9.428090e-01
1.333334e+00 1.333333e+00 991


beta: 1.192093e-07
discrepancy: 9.428090e-01
1.333333e+00 1.333333e+00 992


beta: 1.192093e-07
discrepancy: 9.428090e-01
1.333333e+00 1.333333e+00 993


beta: 5.960464e-08
discrepancy: 9.428090e-01
1.333334e+00 1.333333e+00 994


beta: 1.192093e-07
discrepancy: 9.428090e-01
1.333333e+00 1.333333e+00 995


beta: 1.192093e-07
discrepancy: 9.428090e-01
1.333333e+00 1.333333e+00 996


beta: 5.960464e-08
discrepancy: 9.428090e-01
1.333334e+00 1.333333e+00 997


beta: 1.192093e-07
discrepancy: 9.428090e-01
1.333333e+00 1.333333e+00 998


beta: 1.192093e-07
discrepancy: 9.428090e-01
1.333333e+00 1.333333e+00 999


beta: 5.960464e-08
discrepancy: 9.428090e-01
1.333334e+00 1.333333e+00 1000